true,40.10091843476158,-2.352509634140915,-1,6784.77
false,40.04880948426803,-2.477306696251617,-1,6897.69
false,57.48367222128936,2.49664525614935,1,6917.24
true,34.45460757326792,-2.220155677012372,-1,6869.75
true,40.90065719743964,-1.345470958533042,-1,6857.18
true,40.94536639044374,-0.3649526025574232,-1,6832.3
true,38.13740428436564,-1.749989240051036,-1,6737.29
false,37.28944810770674,-1.965677519304336,-1,6722.08
true,31.50737733663547,-8.12369483164639,-1,6715.98
true,50.13858953766238,-1.181365799768173,-1,6434.08
false,52.33836726942948,0.6783050396625185,1,6345.87
false,60.78002942838168,7.64489420600421,1,6356.84
true,58.62403744576272,1.52054465031506,1,6312.14
true,39.11761684558236,-4.281928628793139,-1,6458.15
true,48.07890887623651,-2.33454009309753,-1,6458.83
true,45.73603098354855,-1.979161055019176,-1,6454.69
false,34.4880477718352,-5.013835126976119,-1,6358.05
false,51.70102249924851,0.2585524223295579,1,6424.49
false,58.69329528753838,3.773299464627598,1,6521.6
false,47.92553251038548,-7.590917333320249,-1,6482.3
true,41.8708426863247,-5.572071484325534,-1,6536.52
false,46.2534620859647,0.9939738732527985,1,6654.24
false,63.34898532597733,5.98001298671079,1,6675.87
true,37.54687381292514,-0.7047996016490288,-1,6562.22
true,57.22914500964934,2.211816046760759,1,6564.04
true,45.19280595636481,-4.44107874614474,-1,6557.6
true,47.96738430986998,-0.0877356501223403,-1,6557.02
true,52.41349206544439,-0.9733935463436865,-1,6469.44
true,63.01974887740045,5.578533482378589,1,6345.91
false,59.29150813438296,1.121049236393446,1,6370.37
true,53.95226795138221,-0.4198114373411954,-1,6351.48
false,63.60189342346365,4.2143100428666,1,6385.5
false,51.31347184314141,2.708357814931333,1,6347.77
true,59.58847583635862,0.2744255710576908,1,6258.31
false,64.8203288158586,7.630563070535572,1,6268.53
false,44.80397768440145,-6.54891154793404,-1,6324.73
false,39.31003452203229,-11.63365490285469,-1,6310.92
true,44.1107220227787,0.3816684068369796,1,6487.66
false,60.21428061296071,4.38997936560736,1,6484.65
false,34.54599049106028,-4.11235480218329,-1,6457.08
true,59.62825331284951,2.848094807261077,1,6532.37
false,41.8703133184414,-2.094343421325902,-1,6512.66
false,52.50846940492933,1.490120140954787,1,6511.58
true,55.11234848075324,4.656998575030229,1,6512.33
true,53.52543365874619,0.417225097773553,1,6669.99
true,42.59929220822001,-3.082068038476791,-1,6713.2
true,44.50341656984452,-1.565540313790734,-1,6821.69
false,53.57975046948074,0.4407485858273503,1,6822.79
false,31.32320795321118,-4.015945840020322,-1,6767.71
true,31.71251364241354,-8.055237821391529,-1,6822.21
false,36.61545153352244,-2.27327747894833,-1,6753.65
false,41.80415288930825,-1.266209906820222,-1,6776.36
false,44.84768030656733,-0.5665276573499796,-1,6802.21
false,53.47683453023069,0.7984384281062376,1,6946.73
true,31.29492913665864,-2.242745417423066,-1,6940.55
true,45.59134768930949,-0.1655504051932439,-1,6901.48
true,47.32922607249422,-2.306058209479488,-1,6846.81
true,37.63553260786777,-3.063766686272174,-1,6829.35
true,40.29893323337436,-6.036779857645342,-1,6792.1
false,52.40205482875778,-0.5592014968970034,-1,6672.08
true,53.2744505036729,0.4636834599950816,1,6752.99
false,33.33095174210249,-6.01455715519478,-1,6748.63
true,68.73006176750428,3.462615534541328,1,6832.55
true,48.66655368744388,-0.5829650064961243,-1,6904.71
false,66.01309892947239,2.913776101333497,1,6834.23
false,40.59226941095349,-1.757606500119437,-1,6809.68
true,55.04314367209138,2.771803634413118,1,6892.93
false,56.51753904813932,1.499831103609722,1,6908.58
false,42.43663582589675,-0.9632776534517689,-1,6886.2
true,44.89635639165833,-0.2863635553540007,-1,7131.86
false,50.42615856083923,1.485155845948611,1,7049.99
true,36.95156573297752,-3.658988003940067,-1,6928.19
true,45.21962408091672,0.503968616291786,1,6845.82
false,52.39001865130243,0.4841189233502519,1,6871.3
false,54.51552691474907,0.3646768981025161,1,6909.56
true,37.58239120545304,-1.069855382912465,-1,6861.64
true,45.20631020128423,-0.5753676003387227,-1,6879.56
false,49.60275492837883,3.744028500384957,1,6863.04
true,39.03543290537196,-1.021058680292299,-1,6799.12
false,50.23353827408184,-0.1122778123944954,-1,6706.89
true,43.75281030280271,-2.814213135598038,-1,6741.28
true,41.78337846587925,-2.970760608003729,-1,6730.81
true,33.2595750858264,-3.355113043226083,-1,6655.64
true,68.25845989485525,2.962976882799012,1,6634.75
false,52.55571639490167,0.4759554716374623,1,6682.27
true,38.71983002211768,-0.6066978714889046,-1,6564.23
true,67.49909632819072,1.166014151896889,1,6607.77
true,34.97782144744532,-6.038004647563866,-1,6591.96
true,40.91789679066958,-2.616302115210601,-1,6590.89
true,52.53062602125455,2.850961831220047,1,6606.24
true,51.59629114031515,-1.205858896235441,-1,6771.68
true,43.28755073954709,-3.605470718456672,-1,6756.35
false,56.69092541749959,6.11269320485826,1,6541.33
false,38.08260679338421,-3.815675182176165,-1,6472.01
false,61.41226068055339,11.58289893631627,1,6524.23
false,59.31098223074115,6.090971414169871,1,6521.33
true,58.48570433724151,9.337231225659707,1,6470.13
false,51.40623168937801,-0.3160449920633255,-1,6472.22
false,35.98521960253773,-7.175689658805823,-1,6452.69
false,51.08952525848274,1.542544893769445,1,6511.85
true,35.90183772452347,-5.350466127148138,-1,6502.77
true,47.28421833439235,2.916296607163531,1,6462.27
true,36.54706236377741,-6.223794541991992,-1,6571.09
true,36.66990593627236,-3.131572034154487,-1,6487.94
true,48.76978571078234,-0.117411012048251,-1,6377.15
false,36.97314367432568,-4.786250945552638,-1,6326.01
true,34.09220656608501,-5.277971507899565,-1,6396.0
false,36.81095226955992,-3.706052783544692,-1,6386.74
true,51.53327129101454,-0.3989907613395189,-1,6404.69
false,67.20058852802951,6.069833002274208,1,6446.1
false,49.21723360741182,-3.354284771128732,-1,6361.55
false,54.95526824792191,-0.5163106569807496,-1,6391.5
true,58.64369060942781,3.567680743894925,1,6464.7
false,55.20225115292028,0.5309305413175025,1,6634.62
false,50.54007596197381,0.3949177357471854,1,6612.72
true,49.72447100509655,0.439736812616502,1,6542.0
true,49.06799639328634,-1.513358058798076,-1,6558.84
true,46.62245724189944,-0.4810386603967345,-1,6450.87
true,57.53218798301194,0.7837497455930134,1,6511.22
false,43.33734182669397,-3.199665845912932,-1,6475.57
false,40.01040850039681,-1.725707496482755,-1,6465.83
false,47.73918144329328,-0.3660443886101348,-1,6576.32
false,45.78769533991966,-2.309300038557012,-1,6576.17
false,48.88649910197314,-1.020120477580349,-1,6565.79
true,32.91439337080213,-2.757545182773356,-1,6592.73
false,65.52406676231402,3.404614974601827,1,6644.88
true,47.55296664674229,-0.4375453861157439,-1,6655.61
true,36.47889711029091,-3.191894471648084,-1,6653.7
true,36.01988984755779,-1.880887925747629,-1,6654.37
true,48.93956889401432,-0.4975721940545554,-1,6646.22
false,30.55785483695539,-10.24312513538916,-1,6616.72
true,53.04325422843043,-0.3685041942562748,-1,6800.84
true,38.28138642965744,-1.685472387061964,-1,6745.31
true,62.49501081534373,2.381435590588808,1,6662.08
true,48.23843729408614,-1.99437821706033,-1,6668.97
true,33.85330672051255,-9.044722093792188,-1,6589.1
false,56.70971011615818,2.419385148244146,1,6510.8
true,69.9632284372575,6.246721058605544,1,6526.53
true,52.6306733141409,1.276421512780871,1,6652.95
false,53.7163895771395,2.360527457946773,1,6690.25
false,59.33214302345523,2.121836556842027,1,6709.16
false,44.09339664645186,-3.522791120302827,-1,6580.12
true,49.56619525061218,-0.2452640089768465,-1,6687.64
true,56.03905261432054,1.348777067107221,1,6656.38
false,52.3499230847634,0.6787647304663551,1,6647.06
true,54.26633813672411,1.622917295367188,1,6807.88
false,46.69169827243628,0.9112665269940408,1,6808.48
false,48.74828099096219,-1.140132067087507,-1,6818.26
false,49.07917245262018,-1.191909498863424,-1,6819.07
true,65.29442070069167,2.519754795147492,1,6912.88
false,58.96793284763383,1.360255438088643,1,6966.33
false,55.57904340264668,0.8893535858687756,1,6882.78
true,35.89065422454298,-2.557281898654765,-1,6908.99
false,56.36829447466253,2.054668425967066,1,6885.36
true,40.6093961296738,-1.214272050953696,-1,6914.27
true,44.01348045460799,-1.249756676792458,-1,6894.11
true,59.02230106226451,1.743197630287796,1,6908.17
false,68.71506799280669,2.44866112886757,1,6965.57
true,54.45173913170773,-0.09538576353679673,-1,6942.29
false,43.9666169622414,-0.9871974468433109,-1,6963.18
false,48.17933205931099,-0.6052374408554897,-1,7144.88
true,68.50150858550499,2.573432585330011,1,7124.89
false,44.54926121221936,-0.2526865397048823,-1,7154.04
true,51.61160990866018,-0.2291289259637779,-1,7235.91
true,46.51188953880656,-1.52983286214112,-1,7226.29
true,44.62590932492156,-0.5098607726695263,-1,7213.65
true,61.69680959869662,4.562057676143922,1,7177.47
false,58.75915149684657,1.49626622863434,1,7189.17
false,34.30441975872428,-1.655462595986137,-1,7173.37
true,35.27272772207778,-4.792395324046993,-1,7189.14
true,43.20436933152504,-2.91875994824295,-1,7122.79
true,35.61290689187885,-5.342406724490502,-1,7048.95
false,38.09472674378077,-3.601853963199574,-1,7017.25
true,49.79084181772106,-0.9728415274312283,-1,7068.1
true,31.21942091365584,-5.528475244802394,-1,7089.15
true,54.82801525565754,0.3757989039368113,1,6996.14
true,33.03703825976859,-1.788308702416543,-1,7063.79
true,36.10933062609043,-1.061527082873909,-1,7019.24
true,38.39187105633057,-2.190344025879313,-1,7065.61
true,35.81275647156517,-2.661789976233194,-1,7054.42
true,58.89385563628878,1.795047576891193,1,7019.68
false,66.19377512615982,3.180634385099438,1,7114.17
false,45.06372017212213,-1.680613677236579,-1,7057.59
true,65.29081435897047,2.166930120995858,1,7108.71
false,59.63039446286368,1.64611057777347,1,7237.35
false,45.23169412970444,-0.01636543798758794,-1,7217.61
true,44.95051134997786,0.02780599739435274,1,7292.14
true,50.70997769370142,-0.1665771873467747,-1,7351.22
false,50.35576492508832,-1.191411104577128,-1,7321.86
false,56.68142905682472,1.879861569675995,1,7480.75
false,43.09828553457758,0.008554305392863171,1,7406.14
true,44.56815447517746,-1.295976934649843,-1,7380.38
true,56.24235729318654,-0.1118995043270843,-1,7284.24
true,58.13908438618444,0.9178218391798509,1,7216.91
false,64.48548018920059,3.191665425974861,1,7235.57
false,41.90543382612406,-0.1146280922730512,-1,7243.0
true,61.23825584814794,5.340493545200843,1,7386.27
false,59.48965861059763,0.3502715115519095,1,7452.69
true,49.51567443391004,-0.7904166101661758,-1,7439.83
false,50.64705978327244,1.122073692016784,1,7415.69
true,38.80489025419229,-2.247115288702844,-1,7394.21
true,53.71142323185665,2.170634411189894,1,7336.26
true,42.07367702709972,-2.728375010389755,-1,7391.19
true,47.31168027599767,-0.6786738589617016,-1,7390.38
false,52.10643230392335,0.1185028007130313,1,7403.2
false,40.87713651317638,-2.384508589726465,-1,7347.28
false,32.84196894630379,-0.6299672390550768,-1,7348.64
true,57.60691152464074,1.595018764623092,1,7462.49
true,45.21719786750455,-0.2699193245871356,-1,7669.07
true,38.76207093467464,-3.633056945083808,-1,7618.06
true,34.12538850276927,-4.404350594103562,-1,7589.08
false,48.02509682216991,-0.175956486569703,-1,7402.18
true,49.2608476004626,2.086521920910855,1,7467.2
true,48.05354924105288,-0.0550021834051222,-1,7549.98
true,32.14906807608614,-3.569402175864525,-1,7546.71
true,38.55960382106331,-3.865702917915769,-1,7481.94
true,50.91397623012143,0.5477485289238757,1,7454.62
true,56.44619224062831,0.6694231260735251,1,7550.53
false,62.93422009101207,3.51984682296461,1,7562.24
false,43.62070721216765,-2.587043361860196,-1,7571.57
true,65.21947515701834,1.859184546944562,1,7624.05
false,41.0716439709757,-3.755353867740268,-1,7599.1
false,46.51116950616299,-2.567149676733607,-1,7600.72
false,58.11000873596086,2.219972904631504,1,7687.77
true,40.44171429705129,-1.111660790129463,-1,7676.32
true,51.0426228703999,-0.098723183610673,-1,7625.46
true,50.7892161738871,-0.2453824820540831,-1,7591.48
true,38.64838147927549,-4.341700060923358,-1,7548.5
false,64.06929904845259,4.90969505549856,1,7486.99
true,31.56829384988163,-7.819039075585351,-1,7443.99
false,57.75084257230788,3.02327853252973,1,7424.22
true,45.48677188894876,-0.1876761199082466,-1,7367.69
true,42.79099440155464,-1.859708445115757,-1,7395.3
true,39.08593599916109,-1.46409937374483,-1,7385.47
true,40.37222324900935,-0.6206586704420261,-1,7364.73
true,49.74433908532406,-0.02021292056815582,-1,7319.32
true,46.70844768150129,-0.7684896410410147,-1,7316.71
true,44.5215809534081,-1.559260119528517,-1,7315.34
true,35.49056475858549,-2.693672129200422,-1,7235.07
true,30.29057976863193,-8.849781328849531,-1,7225.19
true,44.42841631211112,-2.005662342159667,-1,7222.62
true,43.79961105784399,-1.324819150576332,-1,7005.6
true,46.1903729423629,0.2593815061518399,1,6952.11
false,36.69012747188963,-4.471073007233827,-1,6944.17
false,51.76845148226948,0.9386999366251985,1,7054.46
false,37.35234435788902,-10.18668214400623,-1,6948.33
true,47.44602123851962,-1.230793900612298,-1,7105.81
true,58.50051069638943,2.697284012224372,1,7070.32
false,62.83230055936618,4.274234728619376,1,7115.96
false,42.70758649269855,-5.371156973046709,-1,7063.34
false,49.81694120759829,-1.322368048400676,-1,7071.33
true,45.6403190966368,-1.757175128527706,-1,7150.43
true,50.23920232902184,-4.972415243330033,-1,7147.65
true,49.24275333442381,-0.5242892715214111,-1,7122.26
false,58.76020110575771,0.6135317040425434,1,7106.68
false,37.31359290793041,-5.682229137649301,-1,7071.76
true,43.59816659749938,-3.509913633543874,-1,7116.23
true,59.30409045910677,1.702437381335585,1,7190.62
false,65.85268094858162,4.254912049543236,1,7291.74
true,44.2891688174368,-1.246894357545898,-1,7267.68
true,31.85719419867003,-9.434372025691118,-1,7241.45
true,34.95006417354061,-3.778677862691438,-1,7207.65
true,50.29631218857222,1.433586473438481,1,7140.54
false,58.68189318650422,4.56788155522554,1,7115.6
false,49.20540182041498,1.056033434256278,1,7126.51
false,53.78304574464222,2.571284066528278,1,7180.38
false,45.40391710559276,-1.670702775225436,-1,7141.27
false,56.52801186025392,2.612859433686936,1,7219.25
false,45.64960543123603,-2.898520578163698,-1,7155.68
true,49.19752448058223,-0.8413418316786192,-1,7104.33
true,46.68675769144374,1.78111236184759,1,7111.36
false,60.95311619809059,2.257653992652195,1,7189.2
false,56.1268448099191,4.687261385009151,1,7164.88
true,46.84729083845708,-0.8132969729995239,-1,7099.12
true,42.4101327640251,-3.759966259672183,-1,6987.98
true,48.55299194878705,1.785584093169746,1,6999.9
true,52.03924888385254,2.221852369526459,1,7063.43
false,38.63200929260871,-4.461818808779753,-1,7056.68
true,30.09914577805051,-2.482889183952466,-1,7061.73
false,45.8667142123689,0.7633926456037443,1,7081.56
true,39.05758581386223,-3.757294297845874,-1,7066.97
true,40.22411444928446,-2.709863465091075,-1,7036.52
true,52.17437488203966,-0.3891590025496043,-1,6995.7
true,35.44665749560021,-7.76360710604331,-1,6928.71
true,36.44027692236222,-4.500435421670772,-1,6923.0
true,44.23395348950059,-1.063004815778186,-1,6916.26
false,53.14149238006712,1.885240833196804,1,6834.39
false,62.51957142719839,1.713883764311504,1,6848.96
false,63.79334975610642,6.730187196215411,1,6850.88
false,53.13363778635436,0.7698190204328057,1,6866.09
false,37.47031802600904,-2.862517677991491,-1,6824.71
false,31.40137468153965,-2.731687012304064,-1,6830.68
false,47.47177022945851,-2.27303403973383,-1,6844.99
false,45.35609776815497,-1.444724522381875,-1,6845.69
false,68.08769950557546,9.097034123390586,1,6958.72
false,37.95904039622904,-3.039639604667173,-1,6905.98
true,38.04645037064827,-8.036244110270673,-1,7003.17
true,45.56896957451766,-0.6325933882599202,-1,6865.53
false,50.14048839467636,1.257272381278199,1,6839.19
false,44.50487255527061,-0.5322746624442516,-1,6793.76
false,46.1904370802494,0.130448547769447,1,6864.54
true,51.56478633855355,2.514259619963923,1,6766.42
false,43.49352018759684,-2.438698808040499,-1,6749.61
true,49.22634929431477,-5.533710220820467,-1,6845.9
true,54.46284284542971,0.5364912143922993,1,6869.91
false,56.50178948986679,1.330426030813214,1,6949.42
true,52.24096267527781,3.258671755689647,1,6861.11
false,61.05886945615355,2.728487757909534,1,6915.06
false,57.04820438012926,2.129374353881758,1,6900.15
false,40.90909265835357,-2.673334019937101,-1,6886.57
false,57.86709036495361,6.244424417654045,1,6948.6
false,64.21562338817463,10.66973568056073,1,6956.75
false,54.890742896694,5.574717661115756,1,6828.53
true,40.74467764530539,-2.442707105145018,-1,6802.33
true,42.43382917103629,-1.195311978901373,-1,6724.11
true,44.66723098194289,-2.153457352951591,-1,6766.49
true,43.82331679424323,-1.509268849951695,-1,6736.65
true,48.65003494826708,-0.6319470260141316,-1,6731.33
true,41.43157131470825,-5.196617332000642,-1,6753.11
true,68.84220703658428,11.48135378169081,1,6744.39
false,34.66784162562811,-3.376472896023188,-1,6710.53
true,62.85612439705478,1.119846316245457,1,6850.65
true,64.39905209138789,3.608441090654196,1,6931.24
true,61.74960816753846,3.519714056779776,1,6980.18
true,50.58871454515945,-0.710347781141536,-1,7007.51
false,45.30531968818101,-1.042347394452008,-1,6950.69
false,50.20575039021029,-0.7345103653560727,-1,6989.74
true,56.10451404334404,-0.02631982275488554,-1,7045.34
true,43.02109931367011,-1.61396352711472,-1,7079.55
true,36.09627728492403,-6.289629433202208,-1,7027.65
true,52.28145870026198,-0.1984159750008985,-1,6973.46
true,46.96034546466975,-3.1710958936319,-1,6947.85
true,54.19538765247674,1.359747364608666,1,6900.16
true,50.63947540037608,1.191140152707703,1,6920.61
false,64.26520001325954,4.474849541550611,1,6992.3
false,53.58513262077288,1.707107840697972,1,6999.74
false,35.4753199008737,-3.55440399305644,-1,6958.5
false,44.89860858675408,-2.041914553333299,-1,6988.46
true,64.25846907648568,3.345755679241847,1,7066.06
false,67.37683731538957,2.582176083005834,1,7056.28
false,57.28523551399348,1.345154403661581,1,7034.9
false,45.36386517838596,-1.510771363730782,-1,7019.53
false,45.24187713096281,-0.1586376054192442,-1,7054.45
false,52.90543754875684,3.271004212059779,1,7087.06
true,42.00942508524351,-2.81093400368627,-1,6977.06
true,37.40689447488307,-2.538715417429557,-1,6911.78
false,65.28106760235414,5.145441018749807,1,6874.33
false,49.00694779109615,3.076369984863049,1,6846.61
true,33.95960467019096,-3.312584508518739,-1,6847.75
false,47.26860246404825,-0.07263116375452228,-1,6824.37
true,54.43957087535848,2.033753719651941,1,6867.96
false,31.63111207871079,-11.78807758918265,-1,6838.13
true,38.36293688600414,-4.65129183667068,-1,6886.06
false,54.48487112475454,2.819911740113639,1,6851.57
true,43.6997150296493,-2.535782523180387,-1,6859.2
true,37.04808176607315,-3.242179846451108,-1,6857.23
true,38.74141075358768,-5.002560549136433,-1,6817.78
true,32.53180002493814,-4.197480264367186,-1,6842.77
true,55.80907121834529,0.2398708666296443,1,6801.59
false,40.85826913981723,-3.76313367406874,-1,6801.11
true,44.25712491189555,-1.82253302531808,-1,6868.04
false,35.80331124610035,-6.859137795944662,-1,6743.21
false,59.05570294094769,0.6459889127800125,1,6819.24
false,61.77495691503032,3.233214641662926,1,6832.92
false,39.37340879399706,-0.5477141996443606,-1,6750.57
true,57.42609612620743,1.036876292049783,1,6763.75
false,56.3949810818946,0.307050393245845,1,6906.59
false,53.66698956386242,0.6457061003475246,1,6860.88
true,42.70347769499817,-1.892362938990118,-1,6873.6
false,60.37282829102296,1.378093595254541,1,6863.7
false,46.87267697557193,-0.2673705543029428,-1,6808.33
true,44.3215935008644,-1.44961814313865,-1,6857.55
true,51.11461074778939,0.6043353895456676,1,6851.27
true,35.11370271632548,-1.264016834986251,-1,6895.8
true,44.71406910123801,-2.283882963746692,-1,6822.69
false,48.88670823689392,1.636991131342256,1,6657.63
true,48.06862130453717,-0.5378074733744143,-1,6661.63
true,39.28907520834881,-1.830555399490549,-1,6647.59
true,30.05551192817734,-8.633606795116066,-1,6641.42
true,40.11332577627841,-0.9077131816293331,-1,6638.61
true,34.23813373719437,-1.894005307479347,-1,6596.69
false,50.67843418226042,5.813613416918997,1,6513.43
false,57.62481400690753,4.492555300962522,1,6608.27
false,30.16809912757351,-6.516908138120925,-1,6505.25
false,52.89992749463265,0.6315516109079908,1,6617.77
false,49.5635038888877,-0.5733218692676019,-1,6568.72
false,59.66710904716968,9.677741532951586,1,6617.21
false,61.63037495403971,9.619900605454859,1,6623.45
true,43.3956489145649,-1.602721329497399,-1,6611.44
false,38.33017010672166,-1.376547631252834,-1,6498.85
true,51.34885868228709,0.386348520575666,1,6577.15
false,50.73739012538308,1.199675797181953,1,6537.9
true,59.14225724851733,0.1212388190697311,1,6662.9
true,58.91075392535396,-0.1181120718192687,-1,6673.82
false,66.27926790393249,4.193268957459622,1,6653.71
true,66.72539120257798,4.281620359892258,1,6709.6
false,54.66714394621591,2.412710242823778,1,6682.11
false,43.00590299227304,-0.4175390335822158,-1,6680.07
false,48.55077230817996,-1.023820920527214,-1,6684.13
true,63.49898440998637,1.886884035281582,1,6759.15
false,60.49085383182987,3.602056508841997,1,6748.98
false,51.27950042180706,-0.5847325111844839,-1,6734.23
false,37.16617954459803,-6.2236075932733,-1,6816.53
true,53.19182986772353,0.8264090370958002,1,6898.45
false,61.09417096112375,1.484817618827947,1,6889.15
false,58.70027528562727,0.4854671769644483,1,6900.73
true,41.17469342760859,-2.598960034431002,-1,7018.42
true,34.06168955938119,-5.628184485060046,-1,7011.24
true,44.96910069377245,-0.6862283057371314,-1,6872.16
false,55.09191602505454,0.8880921117788603,1,6699.28
false,58.53342297761696,1.494908375283558,1,6693.4
true,30.23969798295242,-2.343999078002525,-1,6684.23
true,35.16118457914681,-2.636649515174213,-1,6683.23
false,43.35129444226887,-2.500415428638917,-1,6661.65
true,66.087152421003,6.602856076386161,1,6784.63
true,44.68536229065379,-4.171518384901901,-1,6812.72
true,47.55024726996342,-1.241196676488471,-1,6736.08
false,47.35374105108824,0.5760179506878558,1,6697.59
false,46.67659836752273,0.918206895820731,1,6654.6
true,30.3207444194076,-6.832632923386882,-1,6600.8
false,42.71669877763189,-3.354529982540953,-1,6565.37
true,56.28147823235565,3.023958831606251,1,6671.46
false,40.92623960502799,-3.237287961272159,-1,6652.77
true,44.68579579950443,-3.175354964260805,-1,6723.13
false,51.67875160784966,2.936942768451445,1,6672.81
false,44.87265523595145,-0.8893512997274229,-1,6652.79
true,51.47573608679389,1.540008676183788,1,6725.19
false,49.32554246673324,3.489540712474081,1,6692.93
true,56.67705816176323,0.7950186654543359,1,6820.98
false,53.69794528655428,1.174208913002076,1,6807.22
false,61.210290108344,1.771633650163494,1,6799.54
false,48.71285846318086,0.686107062125302,1,6750.11
true,45.43229196124333,-0.4009991015236665,-1,6745.4
true,38.12987437514253,-6.420006210361862,-1,6744.62
true,31.75691451187626,-11.64050094897357,-1,6735.2
true,52.72761618029715,-0.5566264976769162,-1,6679.48
true,45.04512733661758,-1.952693374920273,-1,6677.41
false,52.71819112138169,1.712609118367254,1,6626.09
true,39.43179893749033,-2.575172939708864,-1,6560.73
true,56.18161733424397,2.603354477293578,1,6545.49
false,68.09913830025909,7.677233472542866,1,6600.63
true,44.98798917410296,-1.100983164777972,-1,6526.83
true,38.67107162116363,-3.6103576536334,-1,6478.2
false,62.07153060897053,4.358432158567666,1,6518.79
false,55.09441108226375,2.167177210932095,1,6528.19
true,44.67258908962489,-0.5598084585099059,-1,6492.08
true,42.08752594554249,-1.420094853530827,-1,6487.79
false,34.34911788713808,-11.87701166887837,-1,6477.8
false,69.66146009710832,5.272042650750336,1,6561.05
false,61.70623079415257,2.893813484574821,1,6566.08
true,46.14357350507795,-0.8471462163779506,-1,6545.21
true,47.04722654608614,-0.008926662801968632,-1,6520.53
true,30.69694249026047,-14.11208518993408,-1,6365.42
false,47.83381851414564,-2.116526266833716,-1,6287.33
false,65.99219820305191,4.392828273807027,1,6372.04
true,47.55060573937148,-0.1167618219087672,-1,6316.28
false,51.83235811985753,3.351830982627689,1,6250.62
false,37.08324039129232,-5.856569357925764,-1,6204.99
false,51.25427023636156,5.020284352754061,1,6253.1
false,51.08895750786095,-0.8274683407289558,-1,6250.62
false,41.20462838063439,-2.925011656429888,-1,6231.15
true,34.6361793745216,-4.128752838000764,-1,6224.62
true,30.72689392267419,-8.929297330705595,-1,6152.7
true,31.6293739577502,-6.509856409633358,-1,6142.44
false,49.13893346840417,0.5918001027366699,1,6132.88
true,42.97958883136197,-1.03339213963045,-1,6110.07
true,49.09718884974858,-0.1626793126888515,-1,6091.57
false,54.00258167346544,4.133239719052654,1,6048.58
true,48.57185875069143,-0.6070829801456057,-1,5960.93
true,56.51569717182814,1.12401606388994,1,5926.62
false,49.57515943699333,-1.303197076183096,-1,5928.07
true,40.16427629728115,-5.479683382613075,-1,5972.91
true,45.69797160383696,0.6440024449420889,1,5942.53
false,66.43797882669122,0.8875612021402048,1,6266.12
false,51.95059926193795,5.370504385626191,1,6169.85
false,37.18307090705264,-0.7265815873979591,-1,6053.64
false,54.0701201589536,0.1650545899265126,1,6330.42
false,61.1351560767103,3.10118595458971,1,6294.04
false,47.53148620556956,-1.386179384526258,-1,6276.04
false,55.42503178076645,-0.149616650979624,-1,6283.65
false,43.41699313814047,-0.6181791525204972,-1,6291.41
true,36.29183036002738,-3.173112767082785,-1,6323.62
true,49.8131034316574,1.81856006619546,1,6273.61
true,58.66706232712932,1.533651682794698,1,6318.82
false,59.12762891390539,2.268565702069282,1,6356.28
false,45.4009589083027,0.3640278698521797,1,6342.59
false,46.6689736531856,-1.295793921448421,-1,6281.93
false,66.36463153921237,4.978555333022996,1,6379.6
true,44.32380710806317,-2.125590803031628,-1,6371.9
true,55.57085523214742,0.3266011011173759,1,6209.3
true,37.88654382567758,-5.407390245071838,-1,6223.62
true,59.19154685948156,4.017302657619439,1,6219.43
true,47.12935175344319,-2.452401945343809,-1,6218.06
true,54.77222547700917,0.8145235857227817,1,6203.24
true,67.16793792084749,2.719774482162393,1,6246.66
true,60.0554642009548,2.248187418728776,1,6376.66
false,67.42258970524924,4.335119818963904,1,6457.4
false,66.54592479736678,1.62118506662955,1,6542.99
false,52.90160472074074,0.534486850844587,1,6543.23
true,61.52265512591391,2.538928030351599,1,6526.15
false,58.42325500592285,4.776718366198111,1,6588.21
false,47.69043941153914,0.8650860215011562,1,6620.19
false,43.97946194272097,-1.352889653235252,-1,6541.91
false,60.47026873254735,2.213935319271513,1,6587.84
false,58.7066043206145,1.267167008246361,1,6576.55
false,43.05783137919695,-1.330335158991147,-1,6528.98
true,69.80904998107439,4.017832364231253,1,6647.41
false,65.80771562231971,1.388440969640214,1,6686.48
false,37.57635395017579,-2.061553155414913,-1,6650.51
true,48.67495913697124,-0.09892630980993999,-1,6667.41
true,63.24699977020642,1.898364360758023,1,6651.4
false,68.87625537800869,5.671415069230534,1,6696.08
false,47.4082397285592,-2.293055661509243,-1,6661.88
false,69.60218869695009,4.968870652677651,1,6730.48
false,38.89924431285716,-5.720017602466214,-1,6689.14
false,61.2144057351186,3.867978216214397,1,6786.6
true,34.48605885571817,-2.744712006829104,-1,6661.8
false,40.05123972413026,-2.16367754368639,-1,6588.85
false,37.12192318712552,-1.685479830044642,-1,6659.25
false,43.57233169750394,-1.694712293322482,-1,6667.29
false,36.41449008585791,-4.692027049759417,-1,6678.72
true,39.201331383862,-2.98102546723203,-1,6779.42
true,34.17909179825834,-3.495019625588611,-1,6738.24
true,39.09710693572141,-2.588054708286109,-1,6728.84
true,65.51648405117479,2.956841624381013,1,6672.75
true,49.04034930333261,0.500741331471545,1,6715.91
false,41.38491600572663,-3.984865816461934,-1,6783.81
true,61.85171932682807,3.055566504099261,1,6857.31
true,57.53572022390828,2.479211247437888,1,6887.41
true,32.77255775455805,-2.792691722027485,-1,6925.45
false,39.6736201862288,-2.054945287393821,-1,6892.6
false,40.80210521154008,-2.247993523963487,-1,6906.29
false,47.19726991654689,-2.482052451186973,-1,6916.94
true,69.36647409570061,1.922354841256492,1,7027.09
false,41.31128530784972,-2.29494542167231,-1,6969.66
false,67.88084167179758,5.347758580198388,1,7049.53
false,54.30150260788007,2.56944931637463,1,7075.28
true,36.19618396333463,-1.309414747782284,-1,7071.52
true,50.18753264390282,-0.4032767752814834,-1,7052.97
false,43.97834724910963,-0.6120554986291609,-1,7047.89
true,55.24552503020298,1.088775655895006,1,7030.28
false,49.52742544894786,-0.192330281739487,-1,7035.44
false,49.27760530616163,-0.05680411797766283,-1,7035.97
false,53.84737564421248,0.4050345065625152,1,7108.76
false,38.1811256287703,-0.354977468382458,-1,7065.88
false,36.96444713366151,-3.328408136409962,-1,7122.83
false,38.56916413324691,-3.106762011309911,-1,7131.42
false,38.02069747430026,-2.971276190636672,-1,7084.32
true,30.18756701901435,-2.878509666946229,-1,7155.48
true,46.20683869103232,0.3844044944880807,1,6962.96
false,48.12750590248941,0.005522822300918051,1,6964.18
false,33.87159024928017,-2.197854806442592,-1,7266.05
false,31.98093887436991,-2.682039447887291,-1,7268.33
true,44.72041473100383,-0.1583862975576267,-1,7367.95
false,44.8283954001086,-1.833570473058899,-1,7320.43
false,62.71286189917996,2.707530638367643,1,7416.62
true,48.89581642914908,-0.0780563456892196,-1,7383.89
false,63.15776383514814,1.74428340065333,1,7370.28
true,51.15475145589393,1.757763294622237,1,7290.95
false,60.84327650833397,2.295242988468999,1,7312.03
false,55.46347113285096,0.1547934553545929,1,7335.01
false,40.91603315641693,-2.355947388154163,-1,7347.69
true,66.03499017964458,2.76554545347517,1,7667.94
false,53.85232932229236,0.1797749414909049,1,7674.68
false,66.59348048741272,2.608447604446155,1,7696.82
true,50.41603042941133,0.35099084142621,1,7807.77
true,40.84785113457117,-2.47969869888675,-1,7805.68
false,40.30390517404737,-0.4624156390254939,-1,7741.13
false,47.43661763084353,-1.193401675583118,-1,7761.44
false,45.09383998506153,-0.6174070879278588,-1,7772.54
false,51.30551033280405,0.6081029499855504,1,7832.42
true,39.40633610215423,-2.397201944180779,-1,7810.49
true,41.84868627296819,-2.11235144028069,-1,7802.5
true,32.69483329086511,-3.51157785871419,-1,7751.98
false,54.6655167276548,0.7758180923119653,1,7693.79
false,32.99380214088386,-5.45641411016004,-1,7658.73
true,53.16716965002057,0.4084256901824119,1,7739.03
false,53.63501559803054,0.01313152634065773,1,7750.37
true,49.48231378610711,-0.7076124591867483,-1,7729.99
true,44.4613272557466,-0.9577093599609725,-1,7644.01
false,60.08294739921363,4.488573593468573,1,7629.77
true,49.22903101711666,-0.6366339615151446,-1,7614.53
true,45.10643371340483,-1.946949166961531,-1,7548.3
false,45.62593872882929,-0.2063398699501704,-1,7490.65
false,58.54249005233662,0.815849119017912,1,7579.49
true,49.95128584621255,-0.609974248151957,-1,7564.0
true,36.54228238560917,-2.29123796643853,-1,7550.82
true,37.01273924562275,-2.805843489741164,-1,7549.35
true,39.14512052667283,-1.871131382326894,-1,7533.39
true,33.34703615291976,-2.40896870666711,-1,7530.6
true,31.72904496126324,-9.082274858914388,-1,7528.79
true,34.0412691877536,-5.005781887989542,-1,7522.55
true,47.0558050165313,-0.4323987550669699,-1,7520.6
false,52.8470714384919,2.088332748565335,1,7457.31
false,32.16536195882689,-4.318579080749259,-1,7434.72
true,37.88163813290238,-3.481220413898882,-1,7385.76
true,38.87724292936814,-2.393010287581092,-1,7370.34
true,34.15172388262279,-6.521140648515939,-1,7363.46
true,50.86707478820087,-2.192470120483449,-1,7353.24
false,35.40517922734441,-3.414104993117689,-1,7280.69
true,55.16785650532185,0.9590650138616184,1,7386.53
false,58.28091504231594,2.440975263259133,1,7376.32
false,54.71709132141279,5.13847103929038,1,7371.79
true,36.42018763747856,-4.272196584025551,-1,7426.02
true,56.97360160887504,2.581018719238273,1,7363.97
false,63.51811220058062,2.836842236622033,1,7407.3
false,65.35055666882977,2.402844296178046,1,7535.76
false,49.02455739178914,-0.02386931998262298,-1,7500.04
false,47.22514908196489,-0.8723856977230753,-1,7527.55
false,59.1655019239418,2.578024387419646,1,7567.19
true,43.64823350111944,-0.5754314655223425,-1,7581.16
true,48.49974667973665,0.3227094618951014,1,7517.09
true,40.49015214631274,-3.415350694694098,-1,7542.53
false,56.77753357097262,1.032711173655116,1,7421.48
false,48.73739090897269,-2.751142300836364,-1,7368.01
false,48.28088622539881,0.8635964641971441,1,7454.93
true,50.58295382973463,-0.6019466887883027,-1,7431.84
false,49.72952218087965,0.0746723641132121,1,7445.29
false,41.30224666850203,-2.146736442309702,-1,7380.6
true,48.72630682228309,-0.8818848142482238,-1,7421.66
false,56.77813154531042,1.740295500739194,1,7345.44
true,47.05264088313832,-0.8327198377337481,-1,7320.28
true,47.1585678016477,-2.425846948135586,-1,7312.83
true,50.83680584273802,-0.02851405228921067,-1,7334.89
true,46.35349763919695,-1.157137598625013,-1,7338.42
true,35.78160880708391,-2.17898484656871,-1,7264.45
true,62.00168003326421,4.588515242960966,1,7215.1
false,51.98251253624752,1.108449322709021,1,7236.89
true,46.55829586900814,-0.447074795073604,-1,7142.75
false,61.20021539470192,1.704791452932113,1,7120.33
true,36.27553588597329,-3.695883052780118,-1,7043.2
false,63.06690615855987,6.616137761234313,1,7009.29
true,35.35829259243044,-5.882453761726538,-1,6985.95
true,69.25743405814353,3.19678979357559,1,7033.84
false,57.46048434605133,7.054256025025097,1,7217.09
false,62.93517755615127,1.587116622311441,1,7502.54
true,60.23230292629788,3.321156980090564,1,7516.22
false,37.00652892505705,-4.027624495963209,-1,7488.03
false,43.11584998472274,-1.547564154340762,-1,7601.45
false,64.73448705785754,2.737430887243136,1,7680.56
true,39.80646400006233,-0.9992114910928649,-1,7706.32
true,46.32541640744995,-1.578797891815157,-1,7799.16
true,55.53743448841963,0.4444529961347143,1,7822.01
true,53.71193313037243,0.5076268487346169,1,7910.55
true,41.36587281064904,-1.200354778005021,-1,7919.62
true,36.95207601088225,-1.547418909863154,-1,7885.3
false,62.11442627080834,2.450022965379503,1,7912.74
true,40.17442785337043,-2.787932403139166,-1,7887.31
false,69.38764391054667,3.375436992689174,1,8014.45
true,54.13832286804734,-0.09851768736734812,-1,7997.74
true,43.44772355916272,-0.7066436402856198,-1,7965.42
true,34.54137296898428,-4.341567564811157,-1,7939.33
true,56.75225717306333,1.269157592811098,1,7869.51
true,68.47958298605565,4.149591948221314,1,7935.29
false,65.14544623634561,6.221335750396065,1,7761.68
true,42.80836506865543,-1.530243314270592,-1,7762.32
true,44.77189763285936,-2.307415759007199,-1,7734.59
false,47.43247161615569,0.7930361936450936,1,7675.88
true,45.20041662507127,-0.2941413302160072,-1,7581.48
true,43.86625704875117,-2.202573506466251,-1,7524.29
true,38.53984061178873,-4.98734258652803,-1,7450.2
true,45.3111375502561,-3.487697440203192,-1,7447.73
true,45.01663148797974,-1.041600077278417,-1,7396.9
true,46.84855707833686,1.133146983836014,1,7248.97
false,34.62054890927213,-7.271992362898345,-1,7397.54
true,60.63878181236406,2.371474831627893,1,7479.0
false,69.24864104334759,8.471737327751725,1,7482.22
false,35.92160158936511,-1.165548045197283,-1,7423.83
false,43.83983577593636,-8.086505316150578,-1,7491.36
true,52.39209978332732,0.5304883028466065,1,7544.37
false,44.2339539678579,-3.991222171835034,-1,7518.36
true,64.69463924267274,3.919937010428839,1,7602.92
false,69.13208567194363,1.466570219132336,1,7691.0
false,65.66748514122557,2.324889082194204,1,7675.94
true,48.78449742322485,-1.925591639590493,-1,7688.79
true,55.88645798451081,-0.09491415864704322,-1,7636.6
false,60.70557970732479,5.844770288549626,1,7607.52
true,34.32782732576466,-2.863622587929967,-1,7600.5
true,34.42535877338774,-3.701804900408206,-1,7593.13
true,45.82736462612259,-0.7186526676741778,-1,7591.03
true,33.76109066255408,-4.974420898905919,-1,7587.64
false,46.40885897935632,0.1977692937762185,1,7543.82
false,32.59997699055083,-1.792304921654249,-1,7552.32
true,37.66359092123408,-2.748032981477081,-1,7505.85
true,30.35004903201629,-3.647124388165139,-1,7513.8
true,63.26108612738472,2.080587453225235,1,7429.4
false,65.03687368326489,7.26930330540381,1,7532.72
true,57.10935259703946,-0.07037027627666248,-1,7516.62
true,65.17885235984225,5.662240382775053,1,7496.4
false,40.66411184448719,-0.4596315875642176,-1,7494.73
false,40.6618453583223,-1.124400721168968,-1,7544.57
true,52.52573889969055,-0.07906039481531479,-1,7711.21
false,56.52525310131504,1.961821988647898,1,7746.18
false,39.97639680248719,-1.812555435528338,-1,7679.72
false,48.33140244525774,0.3558418587381311,1,7735.29
false,51.84522102947138,1.3004166894425,1,7759.26
false,44.11323941168803,0.04722502758977498,1,7711.08
true,49.27410325918948,-0.4827723793132463,-1,7723.96
true,57.51731440033221,5.705369193253318,1,7659.17
true,38.64174876290233,-9.267176391412249,-1,7684.19
true,33.04002350817106,-7.205924604227221,-1,7508.3
false,61.82609562429504,10.13859617359049,1,7484.11
false,66.32749312758008,11.84612414203002,1,7487.97
true,62.15182535589057,3.752495856030691,1,7406.98
false,53.29395329980007,2.249116023156603,1,7411.36
false,47.37455600292706,-1.642577637394425,-1,7388.71
false,56.31198878256629,3.26250423619058,1,7594.17
false,43.4336568207429,0.141271501403935,1,7572.58
true,66.58130836728978,3.793407368494627,1,7564.17
false,59.70277691097584,2.031381928642077,1,7559.35
false,63.68656373104546,1.14089829432578,1,7593.75
false,52.34820965461799,0.7385207866682322,1,7573.02
false,63.08169245911314,2.469632926717168,1,7570.83
false,41.79473217275751,-1.379821338679903,-1,7541.38
false,36.082244926862,-7.454717593623172,-1,7547.69
true,35.19329899358243,-1.506606335852666,-1,7617.02
true,47.08581748451176,-0.8366660182800842,-1,7610.34
false,59.10427533273106,0.3559234293607005,1,7577.8
false,58.34650090010604,0.6526011349542387,1,7590.2
false,54.21084720840566,0.9705390972139867,1,7576.88
true,43.30908976815385,-0.9210870263523248,-1,7571.31
false,57.45173207033296,0.7400097295767409,1,7549.04
true,40.70600905246759,-3.929609823434475,-1,7551.32
true,34.23786903045075,-3.601617738461755,-1,7552.42
true,61.71243856750974,4.186003742477624,1,7575.19
false,34.5414582280041,-3.92058291637386,-1,7523.51
false,66.05255827625527,2.301892409032916,1,7728.27
true,35.22602359442581,-2.211117712533451,-1,7730.59
true,46.93158140530957,-0.7838121958475313,-1,7715.72
true,41.29686196001833,-2.157387969366937,-1,7688.85
true,34.90746661332187,-2.555473055495895,-1,7648.48
true,47.76445287072774,-0.915005643684708,-1,7646.23
false,38.71429873169579,-11.86528536475271,-1,7636.6
false,65.39686346208725,0.9229770720821762,1,7630.04
false,43.21068450025179,-2.462015498272194,-1,7617.35
false,32.44240718621867,-1.539070581149645,-1,7626.48
true,52.69823101694595,1.599219358969094,1,7747.51
true,37.14021930554004,-2.347881332310862,-1,7862.28
false,65.53758930494799,2.967542845224671,1,7824.74
true,60.83150602692548,3.687406952477431,1,7771.13
true,69.309982669698,2.111818670430694,1,7824.55
false,32.99035203076825,-4.157030254896199,-1,7777.78
false,42.88462954314809,-1.188384362208126,-1,7801.26
false,40.93932540024811,-1.807644493084808,-1,7815.02
true,46.35881148392455,0.5155659182046293,1,7923.75
true,44.02239028604207,-0.7332501974542538,-1,7922.52
true,56.69911271118745,1.698572751916799,1,7850.85
false,68.36125471827859,2.669540436236275,1,7867.42
false,61.34152755131405,3.438817004363955,1,7920.31
true,42.52850248782654,-2.265316499884648,-1,7910.35
true,50.32518126606986,-0.07559939683142147,-1,7896.46
true,42.38697678940864,-1.364688134136486,-1,7856.13
false,67.22804507660766,7.936746633312396,1,7837.01
false,69.71261900737316,8.770489293976425,1,7842.46
false,59.44411601278536,3.189205414619209,1,7824.47
false,63.48646885322269,0.8525665705847132,1,7863.34
true,46.84269413561267,-0.8838074535424312,-1,7852.37
true,49.23251313694134,-0.2045512448185036,-1,7765.83
true,50.26152147668395,-0.0299255505160545,-1,7698.98
false,41.76942475720953,-0.5092803846555398,-1,7666.83
false,65.91406271051834,1.958783734826284,1,7815.72
true,47.36280432846154,-1.301659823062437,-1,7757.04
true,36.90931571493576,-6.140663671089897,-1,7793.68
true,38.4558190444108,-4.427183015513947,-1,7569.03
false,56.51389936131152,2.359303219292997,1,7540.3
false,56.96772477350749,2.12997233349779,1,7569.11
false,56.66039107708101,0.914464400642828,1,7560.25
false,54.12352838520746,0.2755547123515498,1,7549.32
true,30.55805415622737,-12.36030409439536,-1,7524.01
true,62.27049811846167,7.703533293582041,1,7544.68
true,52.79138961432823,0.6987595096534278,1,7630.66
true,60.59159361308414,1.963415227157384,1,7688.02
false,55.93691177568257,0.922226265601239,1,7760.46
true,50.20856433914196,-1.314340842340243,-1,7722.83
false,50.37829924415749,0.2315502997971635,1,7677.44
false,31.98596887498556,-3.359896424081853,-1,7623.33
true,39.18943350512269,-0.637415149575645,-1,7663.77
true,53.59771835650933,1.5451976460281,1,7618.91
false,67.29621989130189,3.00676385548195,1,7705.94
false,49.5896140078881,-1.857463506273234,-1,7640.32
true,34.04740673096551,-2.953253384381242,-1,7677.46
true,46.27400602446772,-1.365303523017246,-1,7664.31
true,59.06951649325102,1.562923118300205,1,7639.16
true,52.18712892796555,0.3082544603321367,1,7673.71
false,45.27220964879165,-0.2834963759250968,-1,7658.22
false,68.44979072915139,3.046202086329686,1,7764.97
false,35.3664730316393,-2.396348614955059,-1,7717.37
true,60.29665875145053,0.8807720556960703,1,7808.86
false,59.31369992810154,0.6712680302334775,1,7847.91
false,49.26852373242792,0.6177761854132768,1,7879.31
true,39.30443050787919,-1.618764864505465,-1,7882.48
true,69.16967597373811,1.203002815205764,1,7843.05
false,67.09844356229809,3.853293996772663,1,7843.45
true,54.34824943795135,0.809000926185945,1,7896.91
false,57.93213107764528,1.178046870504659,1,7933.63
false,57.51602605389571,1.56405692082626,1,7934.25
true,38.20013721206504,-2.962786481345574,-1,7954.2
true,39.88147772526361,-1.776816336813681,-1,7924.37
true,47.1742287890613,-2.199870195768199,-1,7922.88
true,60.18006650899362,4.014166823281812,1,7926.62
true,41.39460102807207,-3.511745431491363,-1,7955.44
true,33.7902556856005,-4.085065488822693,-1,7877.31
true,37.63679157588965,-1.496491907415475,-1,7864.58
true,53.19883519575819,2.351484983224509,1,7864.48
false,65.14496400588472,1.766873960229532,1,7977.1
false,32.26829355127265,-3.886363126734977,-1,7914.56
false,56.10960131197765,0.8800912302203869,1,8106.3
true,61.41384828404286,2.385816569590133,1,8099.81
false,53.37025819639115,-0.009220486755111779,-1,8089.77
true,63.17343468631656,3.279378581175479,1,8201.16
true,35.03436518773513,-0.6294723904247803,-1,8229.370000000001
false,53.68161534922576,0.07565298964436806,1,8211.209999999999
