false,52.60605656946003,0.3768711070079007,1,4926.4
false,42.20371374973211,-1.662213591293948,-1,5056.75
true,46.64718260886637,-0.3092500317188751,-1,5135.12
false,52.43351377000171,0.4257072698974298,1,5402.809999999999
true,56.14330779822877,0.9686845157057178,1,5361.49
false,66.35588302766286,3.986991726944325,1,5587.84
true,54.09752317965133,0.3121005741440968,1,5608.01
true,50.32701935478967,3.241745058950073,1,5726.18
false,30.79419275138773,-3.834828088048198,-1,5679.82
false,39.7790368613259,-3.493153141587754,-1,5655.21
false,39.96856071147047,-2.334160418881766,-1,5737.309999999999
false,69.8196063473643,3.998753993384526,1,5690.070000000001
false,38.92688629896383,-3.98033130488966,-1,5680.179999999999
false,68.75777445574661,2.210180289812342,1,5666.52
false,46.15753811338425,-2.695413158598058,-1,5593.8
true,40.91127201494687,-0.5224503483605076,-1,5915.179999999999
false,50.7343095936115,-0.9080143252112975,-1,5874.46
false,48.49001001622982,-2.531363218405204,-1,5895.96
true,53.50791943977522,1.205477113911911,1,5904.110000000001
true,40.77789022962764,-0.8659600631781359,-1,5903.47
true,36.26447946597656,-2.783055463495657,-1,5773.37
true,32.27258556481451,-5.882395265681225,-1,5877.33
false,45.88401716916623,-0.4883663338805491,-1,5798.63
false,45.70979828425209,-0.3650869463062918,-1,5944.02
true,33.88168493697984,-1.20883321115889,-1,5956.05
true,45.98069663827363,-0.5492643263123682,-1,6059.0
true,65.81356217188002,4.598165324338879,1,6063.6
false,33.07996846249114,-3.499712454084147,-1,6365.98
false,41.12680011433831,-1.576342105611729,-1,6298.38
true,32.73731621915915,-5.266159664145562,-1,6338.679999999999
false,36.40728129373128,-2.771100482736983,-1,6264.05
false,40.96795569584682,-1.34617204798451,-1,6247.099999999999
true,55.74165830816955,2.210722463928505,1,6259.98
false,55.95549400437969,0.6139093175352173,1,6285.49
false,47.93116885992254,-0.2710554779750964,-1,6394.46
false,33.52904551777947,-1.329148235015055,-1,6401.88
false,40.10091843476157,-2.352509634140915,-1,6783.72
false,40.04880948426801,-2.477306696251617,-1,6898.26
false,57.48367222128936,2.49664525614935,1,6918.54
true,34.45460757326794,-2.220155677012372,-1,6867.95
false,40.90065719743964,-1.345470958533042,-1,6855.38
false,40.94536639044374,-0.3649526025574232,-1,6831.5
true,38.13740428436564,-1.749989240051036,-1,6735.49
true,37.28944810770673,-1.965677519304336,-1,6720.65
false,31.50737733663546,-8.12369483164639,-1,6715.179999999999
true,50.13858953766236,-1.181365799768173,-1,6432.28
false,52.33836726942948,0.6783050396625185,1,6347.67
false,60.78002942838169,7.64489420600421,1,6358.64
true,58.62403744576271,1.52054465031506,1,6313.940000000001
false,39.11761684558237,-4.281928628793139,-1,6456.349999999999
true,48.07890887623654,-2.33454009309753,-1,6457.03
true,45.73603098354855,-1.979161055019176,-1,6452.889999999999
false,34.48804777183521,-5.013835126976119,-1,6356.88
false,51.70102249924851,0.2585524223295579,1,6426.29
false,47.92553251038548,-7.590917333320249,-1,6484.11
true,58.6932952875384,3.773299464627598,1,6522.400000000001
false,41.87084268632467,-5.572071484325534,-1,6535.72
false,46.25346208596469,0.9939738732527985,1,6656.04
false,63.34898532597734,5.98001298671079,1,6676.67
false,37.54687381292514,-0.7047996016490288,-1,6560.92
true,57.22914500964934,2.211816046760759,1,6565.84
false,45.19280595636481,-4.44107874614474,-1,6556.8
false,47.96738430986999,-0.0877356501223403,-1,6556.22
false,52.41349206544439,-0.9733935463436865,-1,6468.639999999999
true,63.01974887740047,5.578533482378589,1,6347.71
false,59.29150813438298,1.121049236393446,1,6372.17
false,53.95226795138219,-0.4198114373411954,-1,6349.679999999999
false,63.60189342346365,4.2143100428666,1,6387.3
false,51.31347184314141,2.708357814931333,1,6348.570000000001
true,59.58847583635862,0.2744255710576908,1,6259.110000000001
true,64.8203288158586,7.630563070535572,1,6269.33
false,44.80397768440145,-6.54891154793404,-1,6323.929999999999
false,39.31003452203229,-11.63365490285469,-1,6314.61
false,44.11072202277872,0.3816684068369796,1,6489.46
false,34.54599049106027,-4.11235480218329,-1,6455.28
false,60.21428061296074,4.38997936560736,1,6485.45
false,59.62825331284952,2.848094807261077,1,6533.17
false,41.8703133184414,-2.094343421325902,-1,6511.24
true,52.50846940492932,1.490120140954787,1,6512.38
false,55.11234848075326,4.656998575030229,1,6514.13
true,53.52543365874619,0.417225097773553,1,6670.79
false,42.59929220822001,-3.082068038476791,-1,6712.4
false,44.50341656984452,-1.565540313790734,-1,6820.889999999999
false,31.32320795321118,-4.015945840020322,-1,6769.53
false,53.57975046948075,0.4407485858273503,1,6823.59
true,31.71251364241353,-8.055237821391529,-1,6821.41
false,41.80415288930825,-1.266209906820222,-1,6777.55
false,36.61545153352242,-2.27327747894833,-1,6753.599999999999
false,44.84768030656733,-0.5665276573499796,-1,6801.41
false,31.29492913665864,-2.242745417423066,-1,6939.75
false,53.47683453023069,0.7984384281062376,1,6947.53
true,45.59134768930949,-0.1655504051932439,-1,6899.679999999999
false,37.63553260786778,-3.063766686272174,-1,6828.55
true,47.32922607249421,-2.306058209479488,-1,6846.01
true,40.29893323337436,-6.036779857645342,-1,6791.3
false,52.40205482875778,-0.5592014968970034,-1,6671.28
true,53.2744505036729,0.4636834599950816,1,6753.79
false,33.33095174210249,-6.01455715519478,-1,6747.83
true,68.73006176750427,3.462615534541328,1,6833.35
false,48.66655368744389,-0.5829650064961243,-1,6903.91
true,40.5922694109535,-1.757606500119437,-1,6809.75
false,66.01309892947239,2.913776101333497,1,6836.03
true,55.04314367209138,2.771803634413118,1,6893.73
true,42.43663582589675,-0.9632776534517689,-1,6885.65
true,56.51753904813932,1.499831103609722,1,6909.38
false,44.89635639165832,-0.2863635553540007,-1,7131.059999999999
false,50.42615856083923,1.485155845948611,1,7050.79
false,36.95156573297752,-3.658988003940067,-1,6927.389999999999
false,45.21962408091672,0.503968616291786,1,6846.62
false,45.20631020128423,-0.5753676003387227,-1,6877.76
true,52.39001865130245,0.4841189233502519,1,6872.1
false,37.58239120545304,-1.069855382912465,-1,6862.94
false,54.51552691474907,0.3646768981025161,1,6910.360000000001
false,49.60275492837884,3.744028500384957,1,6863.84
true,39.03543290537196,-1.021058680292299,-1,6796.94
true,41.78337846587923,-2.970760608003729,-1,6730.01
false,50.23353827408184,-0.1122778123944954,-1,6706.59
false,43.7528103028027,-2.814213135598038,-1,6740.48
false,33.25957508582638,-3.355113043226083,-1,6653.84
true,68.25845989485525,2.962976882799012,1,6636.55
false,52.55571639490169,0.4759554716374623,1,6683.070000000001
false,38.71983002211769,-0.6066978714889046,-1,6563.059999999999
false,67.49909632819072,1.166014151896889,1,6609.570000000001
false,34.97782144744534,-6.038004647563866,-1,6591.16
false,40.91789679066959,-2.616302115210601,-1,6590.09
true,52.53062602125455,2.850961831220047,1,6607.04
true,51.59629114031513,-1.205858896235441,-1,6770.88
true,43.28755073954709,-3.605470718456672,-1,6755.55
false,56.69092541749959,6.11269320485826,1,6542.63
false,38.0826067933842,-3.815675182176165,-1,6470.46
false,61.41226068055338,11.58289893631627,1,6525.03
false,59.31098223074114,6.090971414169871,1,6522.13
false,58.48570433724153,9.337231225659707,1,6470.93
false,51.40623168937799,-0.3160449920633255,-1,6471.55
false,35.98521960253773,-7.175689658805823,-1,6457.11
false,35.90183772452347,-5.350466127148138,-1,6500.97
false,51.08952525848274,1.542544893769445,1,6512.650000000001
true,47.28421833439237,2.916296607163531,1,6463.070000000001
true,36.54706236377741,-6.223794541991992,-1,6569.79
true,36.66990593627237,-3.131572034154487,-1,6487.139999999999
false,48.76978571078234,-0.117411012048251,-1,6376.349999999999
false,36.97314367432566,-4.786250945552638,-1,6329.55
false,34.092206566085,-5.277971507899565,-1,6394.82
false,36.81095226955991,-3.706052783544692,-1,6385.94
false,51.53327129101454,-0.3989907613395189,-1,6403.889999999999
false,67.20058852802951,6.069833002274208,1,6446.900000000001
false,49.21723360741181,-3.354284771128732,-1,6360.75
false,54.95526824792189,-0.5163106569807496,-1,6394.639999999999
false,58.64369060942783,3.567680743894925,1,6465.5
false,55.20225115292028,0.5309305413175025,1,6636.42
false,50.54007596197379,0.3949177357471854,1,6613.52
false,49.72447100509655,0.439736812616502,1,6543.8
false,49.06799639328634,-1.513358058798076,-1,6558.04
false,46.62245724189945,-0.4810386603967345,-1,6449.57
false,57.53218798301194,0.7837497455930134,1,6513.02
false,43.33734182669396,-3.199665845912932,-1,6477.13
false,40.01040850039679,-1.725707496482755,-1,6464.03
false,47.73918144329328,-0.3660443886101348,-1,6574.15
true,48.88649910197314,-1.020120477580349,-1,6564.99
false,45.78769533991966,-2.309300038557012,-1,6575.37
false,32.91439337080213,-2.757545182773356,-1,6590.929999999999
false,65.52406676231402,3.404614974601827,1,6645.68
false,47.5529666467423,-0.4375453861157439,-1,6654.429999999999
true,36.4788971102909,-3.191894471648084,-1,6652.9
false,48.93956889401433,-0.4975721940545554,-1,6644.42
true,36.01988984755779,-1.880887925747629,-1,6653.57
false,30.55785483695537,-10.24312513538916,-1,6615.92
false,53.04325422843041,-0.3685041942562748,-1,6800.04
true,38.28138642965743,-1.685472387061964,-1,6744.51
false,62.49501081534373,2.381435590588808,1,6663.38
true,48.23843729408614,-1.99437821706033,-1,6668.17
false,33.85330672051252,-9.044722093792188,-1,6587.92
false,56.70971011615818,2.419385148244146,1,6511.6
true,69.96322843725751,6.246721058605544,1,6527.83
false,52.6306733141409,1.276421512780871,1,6653.75
false,53.71638957713952,2.360527457946773,1,6691.05
false,59.33214302345525,2.121836556842027,1,6709.96
false,44.09339664645186,-3.522791120302827,-1,6579.69
false,49.56619525061218,-0.2452640089768465,-1,6686.59
false,56.03905261432054,1.348777067107221,1,6658.18
false,54.26633813672411,1.622917295367188,1,6808.68
false,46.69169827243628,0.9112665269940408,1,6809.28
false,48.74828099096219,-1.140132067087507,-1,6820.059999999999
false,49.07917245262018,-1.191909498863424,-1,6821.87
true,65.29442070069169,2.519754795147492,1,6914.68
false,58.96793284763383,1.360255438088643,1,6968.13
true,44.01348045460797,-1.249756676792458,-1,6893.059999999999
true,55.57904340264669,0.8893535858687756,1,6883.58
false,35.89065422454298,-2.557281898654765,-1,6907.07
false,56.36829447466255,2.054668425967066,1,6886.16
false,40.60939612967379,-1.214272050953696,-1,6913.47
true,59.02230106226451,1.743197630287796,1,6908.97
false,68.71506799280669,2.44866112886757,1,6967.37
true,54.45173913170773,-0.09538576353679673,-1,6940.86
false,43.96661696224141,-0.9871974468433109,-1,6963.0
false,48.17933205931099,-0.6052374408554897,-1,7144.08
false,68.50150858550501,2.573432585330011,1,7125.690000000001
false,44.54926121221934,-0.2526865397048823,-1,7152.24
true,51.61160990866017,-0.2291289259637779,-1,7235.11
true,46.51188953880656,-1.52983286214112,-1,7225.49
true,44.62590932492156,-0.5098607726695263,-1,7211.849999999999
false,34.30441975872428,-1.655462595986137,-1,7171.82
false,61.6968095986966,4.562057676143922,1,7178.27
true,58.75915149684656,1.49626622863434,1,7189.97
false,35.27272772207778,-4.792395324046993,-1,7188.34
true,43.20436933152504,-2.91875994824295,-1,7121.99
false,35.61290689187885,-5.342406724490502,-1,7048.15
true,38.09472674378078,-3.601853963199574,-1,7017.69
false,49.79084181772107,-0.9728415274312283,-1,7066.29
false,31.21942091365584,-5.528475244802394,-1,7088.099999999999
false,54.82801525565755,0.3757989039368113,1,6996.940000000001
false,33.03703825976858,-1.788308702416543,-1,7061.99
true,36.1093306260904,-1.061527082873909,-1,7017.44
false,38.39187105633057,-2.190344025879313,-1,7064.809999999999
true,35.81275647156517,-2.661789976233194,-1,7053.62
false,58.89385563628878,1.795047576891193,1,7021.48
false,45.06372017212212,-1.680613677236579,-1,7056.79
false,66.19377512615984,3.180634385099438,1,7115.97
false,65.29081435897047,2.166930120995858,1,7110.51
false,45.23169412970447,-0.01636543798758794,-1,7219.05
true,59.63039446286368,1.64611057777347,1,7238.150000000001
true,44.95051134997788,0.02780599739435274,1,7292.940000000001
false,50.70997769370143,-0.1665771873467747,-1,7350.42
false,50.35576492508832,-1.191411104577128,-1,7321.309999999999
false,56.68142905682474,1.879861569675995,1,7481.55
false,43.09828553457758,0.008554305392863171,1,7407.940000000001
false,44.56815447517745,-1.295976934649843,-1,7383.929999999999
true,56.24235729318654,-0.1118995043270843,-1,7283.44
false,58.13908438618445,0.9178218391798509,1,7218.71
false,41.90543382612406,-0.1146280922730512,-1,7241.45
false,64.48548018920059,3.191665425974861,1,7236.37
false,61.23825584814794,5.340493545200843,1,7387.070000000001
false,59.48965861059762,0.3502715115519095,1,7454.49
false,49.51567443391004,-0.7904166101661758,-1,7439.03
true,50.64705978327243,1.122073692016784,1,7416.49
false,38.80489025419229,-2.247115288702844,-1,7393.41
false,53.71142323185666,2.170634411189894,1,7337.06
false,42.07367702709972,-2.728375010389755,-1,7390.389999999999
false,47.31168027599766,-0.6786738589617016,-1,7389.58
false,32.84196894630379,-0.6299672390550768,-1,7347.22
false,40.87713651317637,-2.384508589726465,-1,7346.73
false,52.10643230392333,0.1185028007130313,1,7404.0
true,57.60691152464072,1.595018764623092,1,7463.29
false,45.21719786750457,-0.2699193245871356,-1,7668.27
true,38.76207093467464,-3.633056945083808,-1,7617.26
false,34.12538850276927,-4.404350594103562,-1,7588.28
false,48.02509682216991,-0.175956486569703,-1,7407.88
true,49.26084760046262,2.086521920910855,1,7468.0
false,32.14906807608612,-3.569402175864525,-1,7545.66
true,48.05354924105288,-0.0550021834051222,-1,7549.179999999999
true,38.55960382106331,-3.865702917915769,-1,7481.01
true,50.91397623012143,0.5477485289238757,1,7455.42
false,56.44619224062831,0.6694231260735251,1,7551.33
false,62.93422009101206,3.51984682296461,1,7563.04
false,43.62070721216764,-2.587043361860196,-1,7572.13
false,65.21947515701834,1.859184546944562,1,7624.85
false,46.51116950616298,-2.567149676733607,-1,7600.91
false,41.07164397097568,-3.755353867740268,-1,7598.54
true,58.11000873596086,2.219972904631504,1,7688.570000000001
false,40.44171429705129,-1.111660790129463,-1,7675.52
false,51.0426228703999,-0.098723183610673,-1,7624.66
true,50.78921617388708,-0.2453824820540831,-1,7590.679999999999
true,38.64838147927551,-4.341700060923358,-1,7547.7
false,64.06929904845261,4.90969505549856,1,7488.79
false,31.56829384988161,-7.819039075585351,-1,7443.19
false,57.7508425723079,3.02327853252973,1,7425.02
true,45.48677188894876,-0.1876761199082466,-1,7366.889999999999
false,39.0859359991611,-1.46409937374483,-1,7384.67
true,42.79099440155465,-1.859708445115757,-1,7393.87
false,40.37222324900933,-0.6206586704420261,-1,7362.309999999999
true,49.74433908532405,-0.02021292056815582,-1,7318.52
true,46.70844768150128,-0.7684896410410147,-1,7313.3
false,35.49056475858549,-2.693672129200422,-1,7234.27
false,30.29057976863194,-8.849781328849531,-1,7224.389999999999
true,44.42841631211112,-2.005662342159667,-1,7221.429999999999
false,43.79961105784398,-1.324819150576332,-1,7003.8
true,46.19037294236291,0.2593815061518399,1,6953.91
false,36.69012747188963,-4.471073007233827,-1,6942.86
false,51.76845148226947,0.9386999366251985,1,7055.26
false,37.35234435788902,-10.18668214400623,-1,6952.13
false,47.44602123851961,-1.230793900612298,-1,7104.01
false,58.50051069638943,2.697284012224372,1,7071.12
false,49.8169412075983,-1.322368048400676,-1,7071.88
false,42.70758649269855,-5.371156973046709,-1,7063.03
true,62.83230055936617,4.274234728619376,1,7116.76
false,50.23920232902184,-4.972415243330033,-1,7146.11
true,45.6403190966368,-1.757175128527706,-1,7148.38
false,49.24275333442381,-0.5242892715214111,-1,7121.33
false,37.31359290793039,-5.682229137649301,-1,7075.809999999999
false,58.76020110575772,0.6135317040425434,1,7107.48
false,43.59816659749936,-3.509913633543874,-1,7115.309999999999
true,59.30409045910676,1.702437381335585,1,7191.42
false,31.85719419867,-9.434372025691118,-1,7240.65
false,65.85268094858161,4.254912049543236,1,7292.54
false,44.2891688174368,-1.246894357545898,-1,7266.88
false,34.9500641735406,-3.778677862691438,-1,7206.849999999999
false,50.29631218857222,1.433586473438481,1,7141.34
true,58.68189318650423,4.56788155522554,1,7116.400000000001
true,49.20540182041498,1.056033434256278,1,7127.81
false,45.40391710559275,-1.670702775225436,-1,7142.46
false,45.64960543123603,-2.898520578163698,-1,7154.38
true,53.78304574464222,2.571284066528278,1,7181.18
false,56.52801186025393,2.612859433686936,1,7220.05
false,49.19752448058223,-0.8413418316786192,-1,7103.28
false,46.68675769144374,1.78111236184759,1,7112.16
false,60.95311619809057,2.257653992652195,1,7190.0
false,56.12684480991911,4.687261385009151,1,7165.68
false,46.84729083845706,-0.8132969729995239,-1,7097.32
false,42.41013276402511,-3.759966259672183,-1,6987.179999999999
true,48.55299194878707,1.785584093169746,1,7000.7
false,52.03924888385254,2.221852369526459,1,7064.23
false,30.09914577805051,-2.482889183952466,-1,7065.71
false,38.6320092926087,-4.461818808779753,-1,7054.88
false,39.05758581386223,-3.757294297845874,-1,7066.17
false,45.8667142123689,0.7633926456037443,1,7082.360000000001
false,40.22411444928446,-2.709863465091075,-1,7035.72
true,52.17437488203967,-0.3891590025496043,-1,6994.9
false,35.44665749560021,-7.76360710604331,-1,6927.91
false,36.44027692236224,-4.500435421670772,-1,6922.2
true,44.23395348950059,-1.063004815778186,-1,6915.46
false,47.47177022945848,-2.27303403973383,-1,6843.19
true,53.14149238006713,1.885240833196804,1,6836.190000000001
true,62.51957142719839,1.713883764311504,1,6850.76
false,45.35609776815497,-1.444724522381875,-1,6843.889999999999
false,31.40137468153964,-2.731687012304064,-1,6829.5
false,37.47031802600904,-2.862517677991491,-1,6823.66
true,63.79334975610644,6.730187196215411,1,6852.68
false,53.13363778635436,0.7698190204328057,1,6867.89
false,37.95904039622904,-3.039639604667173,-1,6904.179999999999
false,68.08769950557546,9.097034123390586,1,6959.52
true,38.04645037064827,-8.036244110270673,-1,7000.0
true,45.56896957451767,-0.6325933882599202,-1,6863.73
false,44.50487255527062,-0.5322746624442516,-1,6796.69
true,50.14048839467637,1.257272381278199,1,6840.99
false,46.1904370802494,0.130448547769447,1,6866.34
true,51.56478633855355,2.514259619963923,1,6768.22
false,43.49352018759685,-2.438698808040499,-1,6755.41
true,49.22634929431478,-5.533710220820467,-1,6845.099999999999
true,54.46284284542971,0.5364912143922993,1,6870.71
false,56.50178948986679,1.330426030813214,1,6950.22
true,52.24096267527781,3.258671755689647,1,6862.41
false,40.90909265835357,-2.673334019937101,-1,6886.26
false,61.05886945615357,2.728487757909534,1,6916.860000000001
false,57.04820438012926,2.129374353881758,1,6901.95
false,57.86709036495359,6.244424417654045,1,6949.400000000001
false,64.21562338817462,10.66973568056073,1,6957.55
false,54.89074289669402,5.574717661115756,1,6829.33
true,40.74467764530537,-2.442707105145018,-1,6801.53
false,42.43382917103627,-1.195311978901373,-1,6723.309999999999
false,43.82331679424323,-1.509268849951695,-1,6734.73
false,44.66723098194289,-2.153457352951591,-1,6764.69
false,41.43157131470825,-5.196617332000642,-1,6752.309999999999
false,34.66784162562814,-3.376472896023188,-1,6710.97
false,68.84220703658428,11.48135378169081,1,6745.190000000001
false,62.85612439705478,1.119846316245457,1,6852.45
true,64.39905209138792,3.608441090654196,1,6932.04
false,61.74960816753847,3.519714056779776,1,6980.98
false,50.58871454515945,-0.710347781141536,-1,7006.33
false,45.30531968818099,-1.042347394452008,-1,6949.889999999999
false,50.20575039021029,-0.7345103653560727,-1,6989.92
false,56.10451404334404,-0.02631982275488554,-1,7044.54
true,43.02109931367011,-1.61396352711472,-1,7077.75
true,36.09627728492403,-6.289629433202208,-1,7026.849999999999
false,52.28145870026198,-0.1984159750008985,-1,6972.4
false,46.96034546466972,-3.1710958936319,-1,6946.91
false,54.19538765247673,1.359747364608666,1,6900.96
false,50.63947540037609,1.191140152707703,1,6922.41
false,35.47531990087367,-3.55440399305644,-1,6961.059999999999
false,64.26520001325954,4.474849541550611,1,6993.1
false,44.89860858675408,-2.041914553333299,-1,6986.66
true,53.58513262077287,1.707107840697972,1,7001.54
false,64.25846907648568,3.345755679241847,1,7067.860000000001
false,67.37683731538958,2.582176083005834,1,7058.08
false,57.28523551399347,1.345154403661581,1,7036.7
false,45.36386517838594,-1.510771363730782,-1,7018.599999999999
false,45.24187713096281,-0.1586376054192442,-1,7053.27
false,52.90543754875684,3.271004212059779,1,7087.860000000001
true,42.00942508524349,-2.81093400368627,-1,6976.26
false,37.40689447488307,-2.538715417429557,-1,6910.98
false,33.95960467019096,-3.312584508518739,-1,6846.82
false,65.28106760235413,5.145441018749807,1,6875.13
false,49.00694779109615,3.076369984863049,1,6847.91
false,47.26860246404824,-0.07263116375452228,-1,6823.07
false,54.43957087535848,2.033753719651941,1,6868.76
false,31.63111207871079,-11.78807758918265,-1,6841.65
false,38.36293688600414,-4.65129183667068,-1,6885.26
false,43.69971502964929,-2.535782523180387,-1,6857.78
true,37.04808176607313,-3.242179846451108,-1,6856.429999999999
false,54.48487112475454,2.819911740113639,1,6852.37
false,38.74141075358767,-5.002560549136433,-1,6818.34
false,32.53180002493812,-4.197480264367186,-1,6840.97
false,40.85826913981724,-3.76313367406874,-1,6799.309999999999
false,55.80907121834529,0.2398708666296443,1,6803.39
true,44.25712491189555,-1.82253302531808,-1,6866.86
false,35.80331124610035,-6.859137795944662,-1,6742.41
false,59.0557029409477,0.6459889127800125,1,6820.04
false,61.77495691503031,3.233214641662926,1,6833.72
false,39.37340879399704,-0.5477141996443606,-1,6748.77
true,57.42609612620739,1.036876292049783,1,6764.55
false,42.70347769499817,-1.892362938990118,-1,6872.8
false,56.3949810818946,0.307050393245845,1,6907.89
false,53.66698956386242,0.6457061003475246,1,6862.68
false,46.87267697557192,-0.2673705543029428,-1,6806.9
false,60.37282829102294,1.378093595254541,1,6864.5
true,44.3215935008644,-1.44961814313865,-1,6856.37
false,51.11461074778939,0.6043353895456676,1,6852.070000000001
true,35.11370271632548,-1.264016834986251,-1,6894.0
true,44.71406910123801,-2.283882963746692,-1,6821.77
false,48.06862130453717,-0.5378074733744143,-1,6660.83
false,30.05551192817731,-8.633606795116066,-1,6640.62
false,48.88670823689392,1.636991131342256,1,6658.43
false,39.28907520834881,-1.830555399490549,-1,6645.79
false,40.11332577627842,-0.9077131816293331,-1,6636.559999999999
false,34.23813373719437,-1.894005307479347,-1,6594.889999999999
false,50.67843418226042,5.813613416918997,1,6514.23
false,57.62481400690756,4.492555300962522,1,6609.070000000001
false,30.16809912757351,-6.516908138120925,-1,6504.45
false,49.56350388888769,-0.5733218692676019,-1,6566.92
false,52.89992749463265,0.6315516109079908,1,6618.570000000001
false,59.66710904716969,9.677741532951586,1,6618.01
false,61.63037495403972,9.619900605454859,1,6624.25
false,43.3956489145649,-1.602721329497399,-1,6610.639999999999
false,38.33017010672165,-1.376547631252834,-1,6499.929999999999
false,51.34885868228709,0.386348520575666,1,6577.95
true,50.73739012538309,1.199675797181953,1,6539.7
true,59.1422572485173,0.1212388190697311,1,6663.7
true,58.91075392535397,-0.1181120718192687,-1,6672.52
false,66.27926790393249,4.193268957459622,1,6655.51
false,66.72539120257798,4.281620359892258,1,6710.400000000001
false,48.55077230817994,-1.023820920527214,-1,6683.7
false,54.66714394621591,2.412710242823778,1,6682.91
false,43.00590299227303,-0.4175390335822158,-1,6680.139999999999
false,63.49898440998638,1.886884035281582,1,6759.95
false,51.27950042180707,-0.5847325111844839,-1,6733.429999999999
true,60.49085383182989,3.602056508841997,1,6749.78
false,37.16617954459802,-6.2236075932733,-1,6815.73
false,53.19182986772353,0.8264090370958002,1,6899.25
true,61.09417096112376,1.484817618827947,1,6890.95
true,58.70027528562728,0.4854671769644483,1,6901.53
false,41.17469342760857,-2.598960034431002,-1,7017.48
false,34.06168955938116,-5.628184485060046,-1,7010.44
false,44.96910069377245,-0.6862283057371314,-1,6871.36
false,30.23969798295241,-2.343999078002525,-1,6682.429999999999
false,55.09191602505454,0.8880921117788603,1,6701.08
true,58.53342297761697,1.494908375283558,1,6695.2
true,35.16118457914681,-2.636649515174213,-1,6681.05
false,43.35129444226886,-2.500415428638917,-1,6660.849999999999
false,66.087152421003,6.602856076386161,1,6785.43
true,44.68536229065379,-4.171518384901901,-1,6811.92
true,47.55024726996342,-1.241196676488471,-1,6735.28
false,47.35374105108822,0.5760179506878558,1,6698.39
false,30.32074441940762,-6.832632923386882,-1,6600.0
false,42.7166987776319,-3.354529982540953,-1,6569.95
false,56.28147823235565,3.023958831606251,1,6672.26
false,40.92623960502798,-3.237287961272159,-1,6651.97
true,44.68579579950442,-3.175354964260805,-1,6722.21
false,44.87265523595146,-0.8893512997274229,-1,6652.74
true,51.67875160784966,2.936942768451445,1,6673.610000000001
false,51.47573608679389,1.540008676183788,1,6725.99
true,49.32554246673326,3.489540712474081,1,6694.73
false,56.67705816176323,0.7950186654543359,1,6821.78
false,53.69794528655428,1.174208913002076,1,6808.02
true,61.21029010834398,1.771633650163494,1,6801.34
false,38.12987437514253,-6.420006210361862,-1,6743.82
false,31.75691451187626,-11.64050094897357,-1,6734.4
false,48.71285846318087,0.686107062125302,1,6750.91
false,45.43229196124334,-0.4009991015236665,-1,6744.099999999999
false,45.04512733661757,-1.952693374920273,-1,6676.61
false,52.72761618029713,-0.5566264976769162,-1,6678.679999999999
false,52.71819112138169,1.712609118367254,1,6626.89
true,39.43179893749031,-2.575172939708864,-1,6559.929999999999
true,56.18161733424397,2.603354477293578,1,6546.29
false,68.09913830025909,7.677233472542866,1,6601.43
true,44.98798917410296,-1.100983164777972,-1,6526.03
false,38.67107162116362,-3.6103576536334,-1,6477.4
false,44.67258908962489,-0.5598084585099059,-1,6490.04
false,42.08752594554249,-1.420094853530827,-1,6486.99
true,62.07153060897054,4.358432158567666,1,6519.59
false,55.09441108226375,2.167177210932095,1,6528.99
true,34.34911788713805,-11.87701166887837,-1,6476.5
false,69.66146009710829,5.272042650750336,1,6561.85
false,61.70623079415259,2.893813484574821,1,6566.88
true,46.14357350507793,-0.8471462163779506,-1,6544.41
false,47.04722654608614,-0.008926662801968632,-1,6519.73
true,30.69694249026047,-14.11208518993408,-1,6364.62
false,47.83381851414564,-2.116526266833716,-1,6290.0
false,65.99219820305191,4.392828273807027,1,6373.84
true,47.55060573937148,-0.1167618219087672,-1,6315.349999999999
false,51.83235811985753,3.351830982627689,1,6251.42
false,37.08324039129234,-5.856569357925764,-1,6204.19
false,51.08895750786095,-0.8274683407289558,-1,6250.57
true,51.25427023636158,5.020284352754061,1,6254.400000000001
false,41.20462838063438,-2.925011656429888,-1,6232.95
true,34.6361793745216,-4.128752838000764,-1,6223.82
true,30.72689392267419,-8.929297330705595,-1,6151.78
true,31.62937395775022,-6.509856409633358,-1,6141.639999999999
false,49.13893346840415,0.5918001027366699,1,6133.68
false,42.97958883136199,-1.03339213963045,-1,6109.27
true,49.09718884974858,-0.1626793126888515,-1,6090.77
false,54.00258167346543,4.133239719052654,1,6049.38
false,48.57185875069145,-0.6070829801456057,-1,5960.0
true,56.51569717182813,1.12401606388994,1,5928.42
false,49.57515943699333,-1.303197076183096,-1,5926.27
true,40.16427629728115,-5.479683382613075,-1,5972.11
true,45.69797160383697,0.6440024449420889,1,5943.33
false,66.43797882669122,0.8875612021402048,1,6267.92
false,51.95059926193797,5.370504385626191,1,6170.650000000001
false,37.18307090705265,-0.7265815873979591,-1,6052.84
false,54.07012015895359,0.1650545899265126,1,6332.22
true,43.41699313814046,-0.6181791525204972,-1,6291.099999999999
false,55.42503178076645,-0.149616650979624,-1,6281.98
false,61.1351560767103,3.10118595458971,1,6295.84
false,47.53148620556956,-1.386179384526258,-1,6274.24
false,36.29183036002738,-3.173112767082785,-1,6320.82
true,49.81310343165742,1.81856006619546,1,6274.41
true,58.66706232712932,1.533651682794698,1,6319.62
false,59.12762891390539,2.268565702069282,1,6357.08
false,45.40095890830272,0.3640278698521797,1,6343.39
false,46.66897365318562,-1.295793921448421,-1,6281.75
true,66.36463153921238,4.978555333022996,1,6380.400000000001
true,44.32380710806316,-2.125590803031628,-1,6371.099999999999
false,55.57085523214742,0.3266011011173759,1,6211.1
true,37.88654382567759,-5.407390245071838,-1,6222.82
true,59.19154685948156,4.017302657619439,1,6220.23
true,47.1293517534432,-2.452401945343809,-1,6217.0
false,54.77222547700917,0.8145235857227817,1,6205.04
false,67.16793792084751,2.719774482162393,1,6248.34
false,60.0554642009548,2.248187418728776,1,6377.46
false,67.42258970524924,4.335119818963904,1,6459.2
false,66.54592479736677,1.62118506662955,1,6544.79
false,52.90160472074076,0.534486850844587,1,6545.03
false,61.52265512591391,2.538928030351599,1,6526.95
true,58.42325500592285,4.776718366198111,1,6589.01
false,47.69043941153916,0.8650860215011562,1,6620.99
false,43.97946194272097,-1.352889653235252,-1,6540.11
true,60.47026873254734,2.213935319271513,1,6588.64
false,43.05783137919695,-1.330335158991147,-1,6529.179999999999
false,58.7066043206145,1.267167008246361,1,6578.35
true,37.57635395017577,-2.061553155414913,-1,6649.71
false,65.80771562231971,1.388440969640214,1,6688.28
false,48.67495913697122,-0.09892630980993999,-1,6666.61
false,63.24699977020642,1.898364360758023,1,6653.2
false,47.40823972855918,-2.293055661509243,-1,6661.08
true,68.87625537800871,5.671415069230534,1,6696.88
false,38.89924431285716,-5.720017602466214,-1,6688.34
false,69.60218869695011,4.968870652677651,1,6731.78
false,61.21440573511861,3.867978216214397,1,6787.400000000001
true,34.48605885571817,-2.744712006829104,-1,6661.0
false,40.05123972413027,-2.16367754368639,-1,6591.65
false,43.57233169750394,-1.694712293322482,-1,6666.49
false,37.12192318712552,-1.685479830044642,-1,6658.45
true,36.41449008585793,-4.692027049759417,-1,6681.16
false,34.17909179825833,-3.495019625588611,-1,6737.32
false,39.201331383862,-2.98102546723203,-1,6778.62
true,39.0971069357214,-2.588054708286109,-1,6727.04
false,65.5164840511748,2.956841624381013,1,6674.55
true,49.04034930333259,0.500741331471545,1,6716.71
false,41.38491600572662,-3.984865816461934,-1,6783.13
true,61.85171932682807,3.055566504099261,1,6858.110000000001
false,32.77255775455804,-2.792691722027485,-1,6924.65
false,47.19726991654688,-2.482052451186973,-1,6920.99
false,40.80210521154009,-2.247993523963487,-1,6909.099999999999
false,39.67362018622877,-2.054945287393821,-1,6892.05
false,69.36647409570062,1.922354841256492,1,7028.89
false,41.31128530784972,-2.29494542167231,-1,6970.98
false,67.88084167179758,5.347758580198388,1,7050.33
true,36.19618396333463,-1.309414747782284,-1,7070.33
false,50.18753264390282,-0.4032767752814834,-1,7052.17
false,54.30150260788007,2.56944931637463,1,7076.08
false,43.97834724910964,-0.6120554986291609,-1,7045.34
true,49.52742544894787,-0.192330281739487,-1,7036.889999999999
true,49.27760530616163,-0.05680411797766283,-1,7036.28
true,55.24552503020298,1.088775655895006,1,7031.08
true,38.1811256287703,-0.354977468382458,-1,7067.57
false,53.84737564421248,0.4050345065625152,1,7109.56
false,38.5691641332469,-3.106762011309911,-1,7131.61
false,36.96444713366151,-3.328408136409962,-1,7124.51
false,30.18756701901434,-2.878509666946229,-1,7154.679999999999
false,46.2068386910323,0.3844044944880807,1,6963.76
false,48.12750590248942,0.005522822300918051,1,6964.98
false,31.98093887436988,-2.682039447887291,-1,7267.53
true,33.87159024928016,-2.197854806442592,-1,7266.48
false,44.72041473100382,-0.1583862975576267,-1,7367.15
false,44.8283954001086,-1.833570473058899,-1,7325.83
false,62.71286189917996,2.707530638367643,1,7417.42
true,48.89581642914908,-0.0780563456892196,-1,7383.09
false,63.15776383514813,1.74428340065333,1,7371.08
true,51.15475145589393,1.757763294622237,1,7291.75
false,60.84327650833397,2.295242988468999,1,7313.83
false,55.46347113285096,0.1547934553545929,1,7335.81
false,66.03499017964458,2.76554545347517,1,7669.24
false,53.85232932229238,0.1797749414909049,1,7676.48
false,66.59348048741273,2.608447604446155,1,7698.62
true,50.41603042941134,0.35099084142621,1,7809.070000000001
true,40.84785113457117,-2.47969869888675,-1,7804.38
false,40.30390517404738,-0.4624156390254939,-1,7745.15
false,45.09383998506154,-0.6174070879278588,-1,7771.61
false,39.40633610215423,-2.397201944180779,-1,7809.19
false,51.30551033280403,0.6081029499855504,1,7833.22
false,41.84868627296821,-2.11235144028069,-1,7801.7
false,32.69483329086511,-3.51157785871419,-1,7749.929999999999
false,32.99380214088384,-5.45641411016004,-1,7657.179999999999
false,54.66551672765482,0.7758180923119653,1,7695.59
false,53.16716965002055,0.4084256901824119,1,7739.83
true,53.63501559803053,0.01313152634065773,1,7752.17
true,49.48231378610709,-0.7076124591867483,-1,7728.19
false,44.46132725574661,-0.9577093599609725,-1,7643.21
false,49.22903101711665,-0.6366339615151446,-1,7612.599999999999
false,60.08294739921365,4.488573593468573,1,7630.570000000001
false,45.10643371340484,-1.946949166961531,-1,7546.13
false,49.95128584621254,-0.609974248151957,-1,7565.09
false,58.54249005233662,0.815849119017912,1,7581.29
false,36.5422823856092,-2.29123796643853,-1,7549.02
false,39.14512052667285,-1.871131382326894,-1,7531.22
true,37.01273924562275,-2.805843489741164,-1,7547.3
false,33.34703615291974,-2.40896870666711,-1,7528.429999999999
false,47.0558050165313,-0.4323987550669699,-1,7518.59
true,31.72904496126321,-9.082274858914388,-1,7527.99
true,34.04126918775358,-5.005781887989542,-1,7521.75
false,32.16536195882689,-4.318579080749259,-1,7436.28
true,52.8470714384919,2.088332748565335,1,7458.110000000001
false,37.88163813290237,-3.481220413898882,-1,7384.96
false,38.87724292936815,-2.393010287581092,-1,7369.44
false,34.15172388262279,-6.521140648515939,-1,7362.66
false,50.86707478820087,-2.192470120483449,-1,7352.44
false,35.40517922734441,-3.414104993117689,-1,7281.01
false,55.16785650532186,0.9590650138616184,1,7388.33
false,58.28091504231595,2.440975263259133,1,7377.12
true,54.71709132141279,5.13847103929038,1,7372.59
false,36.42018763747854,-4.272196584025551,-1,7425.22
true,56.97360160887505,2.581018719238273,1,7364.77
false,63.5181122005806,2.836842236622033,1,7408.1
false,49.02455739178916,-0.02386931998262298,-1,7499.28
false,65.35055666882977,2.402844296178046,1,7537.56
false,47.22514908196487,-0.8723856977230753,-1,7528.53
false,43.64823350111946,-0.5754314655223425,-1,7580.11
false,59.16550192394181,2.578024387419646,1,7568.99
true,48.49974667973667,0.3227094618951014,1,7517.89
false,40.49015214631272,-3.415350694694098,-1,7541.48
false,48.73739090897269,-2.751142300836364,-1,7367.46
true,56.77753357097262,1.032711173655116,1,7423.28
false,48.72630682228306,-0.8818848142482238,-1,7419.86
false,50.58295382973465,-0.6019466887883027,-1,7431.04
false,48.28088622539881,0.8635964641971441,1,7455.73
false,41.30224666850203,-2.146736442309702,-1,7381.73
false,49.72952218087965,0.0746723641132121,1,7446.09
false,56.77813154531044,1.740295500739194,1,7347.24
true,47.05264088313832,-0.8327198377337481,-1,7319.48
false,47.15856780164768,-2.425846948135586,-1,7312.03
false,50.83680584273802,-0.02851405228921067,-1,7333.09
true,46.35349763919693,-1.157137598625013,-1,7337.41
true,35.78160880708391,-2.17898484656871,-1,7262.65
true,62.00168003326421,4.588515242960966,1,7215.900000000001
false,51.98251253624751,1.108449322709021,1,7238.690000000001
true,46.55829586900813,-0.447074795073604,-1,7140.95
false,61.20021539470191,1.704791452932113,1,7121.13
false,36.2755358859733,-3.695883052780118,-1,7042.4
false,35.35829259243044,-5.882453761726538,-1,6985.15
false,63.06690615855987,6.616137761234313,1,7010.09
false,69.25743405814353,3.19678979357559,1,7035.64
false,57.46048434605136,7.054256025025097,1,7217.89
false,62.93517755615129,1.587116622311441,1,7503.34
true,60.23230292629787,3.321156980090564,1,7517.02
false,37.00652892505705,-4.027624495963209,-1,7490.11
false,43.11584998472274,-1.547564154340762,-1,7600.65
false,64.73448705785751,2.737430887243136,1,7681.360000000001
true,39.80646400006233,-0.9992114910928649,-1,7705.52
false,46.32541640744994,-1.578797891815157,-1,7798.36
true,55.53743448841962,0.4444529961347143,1,7823.81
false,53.71193313037243,0.5076268487346169,1,7912.35
false,41.36587281064903,-1.200354778005021,-1,7917.82
true,36.95207601088227,-1.547418909863154,-1,7883.87
true,62.11442627080834,2.450022965379503,1,7914.04
true,40.17442785337043,-2.787932403139166,-1,7886.51
false,54.13832286804734,-0.09851768736734812,-1,7995.57
false,69.38764391054667,3.375436992689174,1,8016.25
false,43.44772355916272,-0.7066436402856198,-1,7964.62
false,34.54137296898428,-4.341567564811157,-1,7938.53
true,56.75225717306334,1.269157592811098,1,7870.31
true,68.47958298605565,4.149591948221314,1,7936.09
false,42.80836506865544,-1.530243314270592,-1,7760.52
false,44.77189763285936,-2.307415759007199,-1,7732.79
false,65.14544623634562,6.221335750396065,1,7763.48
true,47.4324716161557,0.7930361936450936,1,7676.68
true,43.86625704875115,-2.202573506466251,-1,7523.49
false,38.53984061178873,-4.98734258652803,-1,7449.4
true,45.31113755025611,-3.487697440203192,-1,7446.929999999999
true,45.01663148797976,-1.041600077278417,-1,7396.099999999999
false,46.84855707833685,1.133146983836014,1,7250.77
false,34.62054890927212,-7.271992362898345,-1,7396.11
false,60.63878181236407,2.371474831627893,1,7480.8
false,69.24864104334759,8.471737327751725,1,7483.02
false,35.92160158936512,-1.165548045197283,-1,7425.34
false,43.83983577593636,-8.086505316150578,-1,7490.559999999999
false,44.2339539678579,-3.991222171835034,-1,7518.05
false,64.69463924267274,3.919937010428839,1,7604.72
false,48.78449742322483,-1.925591639590493,-1,7687.99
true,69.13208567194364,1.466570219132336,1,7692.8
false,65.66748514122558,2.324889082194204,1,7677.74
true,55.8864579845108,-0.09491415864704322,-1,7635.8
false,34.32782732576464,-2.863622587929967,-1,7598.7
false,34.42535877338774,-3.701804900408206,-1,7591.33
false,33.76109066255407,-4.974420898905919,-1,7585.84
false,60.70557970732478,5.844770288549626,1,7608.320000000001
true,45.82736462612259,-0.7186526676741778,-1,7590.23
true,32.59997699055083,-1.792304921654249,-1,7550.52
false,46.40885897935632,0.1977692937762185,1,7545.62
false,37.66359092123407,-2.748032981477081,-1,7504.929999999999
true,30.35004903201627,-3.647124388165139,-1,7512.0
true,63.26108612738471,2.080587453225235,1,7431.2
false,65.03687368326489,7.26930330540381,1,7534.52
false,57.10935259703945,-0.07037027627666248,-1,7514.82
false,65.17885235984225,5.662240382775053,1,7497.2
false,40.6641118444872,-0.4596315875642176,-1,7493.8
false,40.6618453583223,-1.124400721168968,-1,7544.61
false,52.52573889969055,-0.07906039481531479,-1,7709.91
false,39.97639680248719,-1.812555435528338,-1,7678.92
false,56.52525310131504,1.961821988647898,1,7746.98
false,48.33140244525775,0.3558418587381311,1,7737.09
false,51.8452210294714,1.3004166894425,1,7760.06
false,44.11323941168804,0.04722502758977498,1,7712.88
true,49.27410325918947,-0.4827723793132463,-1,7722.16
false,57.51731440033221,5.705369193253318,1,7659.97
true,38.64174876290232,-9.267176391412249,-1,7683.389999999999
false,33.04002350817106,-7.205924604227221,-1,7507.5
false,61.82609562429504,10.13859617359049,1,7485.41
false,66.3274931275801,11.84612414203002,1,7489.27
false,62.15182535589057,3.752495856030691,1,7408.78
false,47.37455600292704,-1.642577637394425,-1,7386.91
false,53.29395329980007,2.249116023156603,1,7413.16
false,56.31198878256629,3.26250423619058,1,7595.97
false,36.082244926862,-7.454717593623172,-1,7541.9
false,43.43365682074293,0.141271501403935,1,7574.38
true,41.7947321727575,-1.379821338679903,-1,7540.58
false,66.58130836728979,3.793407368494627,1,7564.97
false,59.70277691097584,2.031381928642077,1,7560.150000000001
false,63.68656373104545,1.14089829432578,1,7595.55
false,63.08169245911314,2.469632926717168,1,7572.63
false,35.19329899358243,-1.506606335852666,-1,7616.22
false,40.70600905246759,-3.929609823434475,-1,7550.02
false,59.10427533273104,0.3559234293607005,1,7579.6
false,58.34650090010606,0.6526011349542387,1,7592.0
false,43.30908976815385,-0.9210870263523248,-1,7569.51
false,54.21084720840565,0.9705390972139867,1,7578.68
false,34.23786903045072,-3.601617738461755,-1,7550.62
false,34.5414582280041,-3.92058291637386,-1,7521.71
false,57.45173207033296,0.7400097295767409,1,7550.84
true,61.71243856750975,4.186003742477624,1,7575.99
false,41.29686196001833,-2.157387969366937,-1,7688.05
false,66.05255827625528,2.301892409032916,1,7730.070000000001
true,35.22602359442578,-2.211117712533451,-1,7729.79
true,46.93158140530957,-0.7838121958475313,-1,7714.92
true,34.90746661332187,-2.555473055495895,-1,7647.679999999999
true,47.76445287072772,-0.915005643684708,-1,7645.429999999999
false,32.44240718621866,-1.539070581149645,-1,7624.679999999999
false,38.71429873169579,-11.86528536475271,-1,7635.8
false,43.21068450025179,-2.462015498272194,-1,7618.05
true,65.39686346208728,0.9229770720821762,1,7631.84
true,52.69823101694595,1.599219358969094,1,7749.31
false,37.14021930554004,-2.347881332310862,-1,7860.48
true,32.99035203076824,-4.157030254896199,-1,7776.98
true,60.8315060269255,3.687406952477431,1,7771.93
false,69.309982669698,2.111818670430694,1,7826.23
false,42.88462954314809,-1.188384362208126,-1,7808.7
false,40.93932540024812,-1.807644493084808,-1,7814.22
false,46.35881148392453,0.5155659182046293,1,7925.55
false,44.02239028604205,-0.7332501974542538,-1,7921.72
true,56.69911271118745,1.698572751916799,1,7851.650000000001
false,68.36125471827859,2.669540436236275,1,7868.22
true,61.34152755131406,3.438817004363955,1,7921.110000000001
false,50.32518126606986,-0.07559939683142147,-1,7895.66
false,42.52850248782654,-2.265316499884648,-1,7908.55
true,42.38697678940861,-1.364688134136486,-1,7855.33
false,67.22804507660766,7.936746633312396,1,7837.81
false,69.71261900737316,8.770489293976425,1,7843.26
false,59.44411601278538,3.189205414619209,1,7825.27
false,63.4864688532227,0.8525665705847132,1,7865.14
true,46.84269413561267,-0.8838074535424312,-1,7851.33
true,49.23251313694133,-0.2045512448185036,-1,7765.03
false,50.26152147668395,-0.0299255505160545,-1,7698.179999999999
false,41.76942475720955,-0.5092803846555398,-1,7671.11
false,65.91406271051835,1.958783734826284,1,7817.52
true,47.36280432846154,-1.301659823062437,-1,7755.12
true,36.90931571493575,-6.140663671089897,-1,7792.88
false,38.4558190444108,-4.427183015513947,-1,7568.099999999999
true,56.51389936131154,2.359303219292997,1,7541.1
false,56.66039107708102,0.914464400642828,1,7562.05
false,30.55805415622736,-12.36030409439536,-1,7523.21
true,62.27049811846169,7.703533293582041,1,7545.48
true,52.79138961432823,0.6987595096534278,1,7631.46
false,60.59159361308414,1.963415227157384,1,7688.820000000001
false,50.20856433914196,-1.314340842340243,-1,7721.79
true,55.93691177568258,0.922226265601239,1,7761.26
false,39.18943350512269,-0.637415149575645,-1,7662.97
false,31.98596887498555,-3.359896424081853,-1,7622.65
false,49.5896140078881,-1.857463506273234,-1,7639.52
false,50.37829924415747,0.2315502997971635,1,7678.24
true,53.59771835650934,1.5451976460281,1,7620.71
false,46.27400602446772,-1.365303523017246,-1,7663.51
false,67.29621989130189,3.00676385548195,1,7706.74
true,34.04740673096551,-2.953253384381242,-1,7675.66
true,59.06951649325102,1.562923118300205,1,7640.96
true,52.18712892796558,0.3082544603321367,1,7675.51
false,45.27220964879164,-0.2834963759250968,-1,7659.53
false,35.3664730316393,-2.396348614955059,-1,7718.44
true,68.4497907291514,3.046202086329686,1,7766.27
true,60.2966587514505,0.8807720556960703,1,7810.66
false,59.31369992810154,0.6712680302334775,1,7849.71
false,49.26852373242792,0.6177761854132768,1,7880.110000000001
false,39.30443050787918,-1.618764864505465,-1,7881.679999999999
false,69.16967597373809,1.203002815205764,1,7844.85
false,67.09844356229807,3.853293996772663,1,7844.25
false,54.34824943795137,0.809000926185945,1,7898.71
false,47.17422878906129,-2.199870195768199,-1,7920.46
false,57.93213107764529,1.178046870504659,1,7934.93
true,57.51602605389573,1.56405692082626,1,7935.55
true,38.20013721206504,-2.962786481345574,-1,7953.4
false,39.88147772526363,-1.776816336813681,-1,7923.44
false,60.18006650899363,4.014166823281812,1,7927.42
false,41.39460102807205,-3.511745431491363,-1,7954.639999999999
true,33.7902556856005,-4.085065488822693,-1,7876.51
true,37.63679157588966,-1.496491907415475,-1,7863.28
true,53.1988351957582,2.351484983224509,1,7865.28
false,32.26829355127263,-3.886363126734977,-1,7914.01
false,65.14496400588473,1.766873960229532,1,7978.400000000001
false,56.10960131197763,0.8800912302203869,1,8107.1
true,61.41384828404286,2.385816569590133,1,8101.110000000001
false,53.37025819639115,-0.009220486755111779,-1,8090.72
false,63.17343468631656,3.279378581175479,1,8202.959999999999
false,35.03436518773512,-0.6294723904247803,-1,8227.18
true,53.68161534922574,0.07565298964436806,1,8213.009999999998
true,43.86423739268625,-0.1294614463658945,-1,8234.790000000001
false,42.90798238412882,-0.8598202499215404,-1,8235.560000000001
true,37.72863625679267,-0.7790965893564135,-1,8298.890000000001
true,60.58791934676509,0.9816974513778405,1,8254.74
false,55.43800452564631,1.997403153611231,1,8284.179999999998
false,63.24275446167082,1.263753035091213,1,8284.609999999999
false,49.21228950733038,-0.09159101606746844,-1,8270.720000000001
false,40.75473155922261,-4.911000124489874,-1,8256.480000000001
false,55.47018016916775,0.9034284482768271,1,8271.49
true,54.03036232685551,0.731995874306449,1,8320.16
false,37.78739675310683,-3.004921923098664,-1,8292.240000000002
true,55.12673259557126,-0.1771777195826871,-1,8311.93
false,45.99858729381852,-0.1499895431079494,-1,8262.540000000001
true,40.7644281548226,-1.697929195997858,-1,8238.810000000001
true,67.03840322780076,2.310518365098687,1,8265.539999999999
false,51.64548277568033,-0.06490685202334134,-1,8286.400000000001
false,31.95897488352514,-4.492845759523334,-1,8277.390000000001
false,38.74912747367536,-1.95955404981396,-1,8286.060000000001
true,55.03410584561617,0.623837092980466,1,8312.299999999999
false,69.41928055926698,1.18052725142843,1,8332.439999999999
false,39.18968504243774,-1.789187224527268,-1,8476.810000000001
false,63.47044630041904,2.444921090329444,1,8489.99
true,50.59648547911348,0.5379984762003005,1,8811.6
true,34.32649609124782,-1.439774997044879,-1,8805.59
false,44.51507724342509,-4.801963654304927,-1,8791.400000000001
false,64.21759053519874,1.386894575061888,1,8773.359999999999
false,37.8913892696013,-1.794001089177982,-1,8845.68
false,64.83414887573082,7.341653382480217,1,8854.91
false,35.10264000170892,-2.934594630240099,-1,8822.480000000001
true,42.40435402793173,-2.041337377111631,-1,8812.4
false,48.52708670630062,-1.102230006741593,-1,8724.140000000001
true,62.6073972696447,6.029145993516067,1,8755.619999999999
false,56.17401844264967,1.779286151315318,1,8813.179999999998
false,46.48450072906644,-2.163221111110033,-1,8786.110000000001
false,65.14629921565006,2.200940415083096,1,8811.269999999999
false,55.68079195715627,1.407162521065402,1,8826.24
false,61.84857905827079,2.235040780044073,1,8867.879999999999
false,42.76576775584891,-0.8209291224538902,-1,8836.140000000001
true,31.79063143748652,-2.498188864767144,-1,8929.310000000001
false,52.45556511570558,0.995754318733816,1,8977.16
false,41.27172283102736,-14.37819627674071,-1,2071.29
false,30.65623356940242,-9.5981969157192,-1,1169.76
false,47.68596728653882,-0.1663914132172977,-1,1167.6
false,55.14589780472044,0.3854078413060051,1,1759.02
false,42.26021889200327,-0.4290256544386466,-1,1782.47
false,59.96471364382149,0.7571347146576954,1,1800.55
false,60.4075334355797,0.6450206250049177,1,1792.95
false,56.40787063098619,-0.2730114816954483,-1,1775.96
false,66.67957331185009,1.560803278709272,1,1802.14
false,49.15468451942671,-0.3573420837269623,-1,1865.59
false,45.99469256174708,-0.3176726133297052,-1,1853.39
false,48.83034242759739,-0.2456858896641734,-1,1862.77
false,53.84548335818244,0.5434095450846144,1,1758.01
false,67.8007345407101,0.7636264384329934,1,1964.9
false,60.73368463667633,0.5685357298680174,1,1974.04
false,66.00605951545768,0.78945287030092,1,1995.61
false,47.95643370945148,-0.5110669248579143,-1,1997.58
false,63.9712808817937,4.077533982521572,1,2021.12
false,56.78708553812815,5.943686783833073,1,1892.2
false,55.65179949982379,-0.6732682095448581,-1,1892.54
false,66.26004373443422,1.854730673596578,1,1875.42
false,42.8597695055918,-0.5114363387633603,-1,1828.89
false,47.20564287603677,0.05420939859118334,1,1734.52
false,57.572900430102,2.380641961209903,1,1883.32
false,65.00652568349639,1.625139333972356,1,1918.01
false,32.25587419806718,-0.8726512132943753,-1,1885.04
false,36.60742938751557,-0.8280730123981357,-1,1805.9
false,38.60683131364306,-0.8171496709178427,-1,1825.4
false,43.72623480432247,-0.3635118635779691,-1,1778.38
false,67.55132778028522,2.746841899340779,1,1808.0
false,64.82762726332768,0.6500096815348115,1,1850.92
false,31.64661690608041,-0.6987783884571854,-1,1857.3
false,64.57017243794607,0.3526969385948178,1,1871.6
false,54.82016231338742,1.899749114362749,1,2036.9
false,33.84018275878495,-1.155412058099955,-1,1993.89
false,67.37861639251157,2.014394342045307,1,2117.4
false,62.02079748218006,0.5181618132091899,1,2190.8
false,57.47027281162035,1.330042708547353,1,2152.71
false,47.1722240688626,-0.08867456846701316,-1,2113.89
false,32.37877479363414,-1.396679348472844,-1,2147.69
false,35.31519493098067,-1.019768016382386,-1,2130.88
false,32.47719607783122,-1.847004376266341,-1,2204.9
false,61.44199460081147,0.8202860684605184,1,2300.6
false,46.78499268236126,-0.6222031900324509,-1,2307.78
false,44.30717744258195,0.07716728946707008,1,2281.92
false,34.73387694815197,-0.8035388356397561,-1,2306.88
false,49.8664782587128,0.05273352722451818,1,2335.76
false,31.91631011802272,-0.863772169971071,-1,2299.0
false,69.64871789039005,2.153400972775216,1,2301.29
false,60.07155699657317,0.5308247072866834,1,2332.7
false,53.9331651312575,-0.1260882639139709,-1,2329.78
false,55.56927430681061,1.799815310251688,1,2423.24
false,33.51508953764696,-1.124293277991455,-1,2391.1
false,63.47695592040412,0.7501214929770867,1,2402.91
false,30.71728501841974,-2.765107747473394,-1,2276.6
false,62.79812465323467,1.143632429196259,1,2310.73
false,43.12110084380054,-0.3742181415755113,-1,2355.39
false,61.63738399817577,0.4949327547410576,1,2387.4
false,43.36933918876502,-0.1676082202257021,-1,2353.29
false,45.52424832967404,-1.23433383772317,-1,2394.16
false,58.66977423812832,2.039491257722602,1,2390.11
false,62.54063741682871,0.8751185567507491,1,2425.2
false,64.89273172566212,0.5432602382688856,1,2378.31
true,31.4106321072441,-1.773195017829494,-1,2357.8
true,39.24513428611738,-1.328007530860305,-1,2022.3
false,39.43105249639399,-4.972414299677439,-1,2021.56
false,58.39998977920327,2.500734488874059,1,2120.6
false,56.73127895053504,1.36950561309277,1,2114.1
false,56.74779009611344,0.4861437007857603,1,2194.61
false,59.53249188520341,0.5322013926743239,1,2181.8
false,43.13420712298154,-0.7632469456643776,-1,2206.35
false,30.88275204560945,-2.196204910099368,-1,2236.19
false,49.39002127078933,0.1058675547892562,1,2178.88
true,63.99198120248411,1.101236880904253,1,2167.37
true,68.71743773367503,4.866109459279869,1,2183.9
false,58.41367626161406,6.10711187410152,1,2136.2
false,58.30422304740216,7.074451725791732,1,2227.5
false,47.59756266155254,-1.794331844413136,-1,2352.31
false,43.08320414169359,-0.7325127700437406,-1,2386.67
false,31.96594881007192,-2.054939461707363,-1,2304.08
false,62.3203720226933,2.248981948725032,1,2371.12
false,42.06408427758901,-0.7842421669370196,-1,2333.14
false,49.84683260016203,0.1754517150970969,1,2324.62
false,40.60655335926221,-0.8338586330232829,-1,2281.59
false,65.52758313972014,0.9133438309272606,1,2323.14
false,39.05962028745703,-0.513649134143634,-1,2310.09
false,69.91650558607554,1.076261883119514,1,2338.74
false,65.08006060837874,0.8189327041764045,1,2282.61
false,47.8554808732902,-0.1198945078763245,-1,2308.09
false,32.57564180188676,-0.9708994301740859,-1,2318.87
false,66.02038619466964,1.51452920552083,1,2360.1
false,57.96746126649897,0.1080682294414146,1,2479.2
false,54.84478637118279,0.2745143330071187,1,2471.93
false,64.75687122764859,0.3650090807022934,1,2505.81
false,52.67330410918969,0.3816749021470969,1,2516.02
false,54.88285707317365,-0.1300537548258944,-1,2516.69
false,39.89921877091417,-0.1044298344127128,-1,2550.2
false,49.82830374045063,-0.2120644799974798,-1,2578.8
false,62.48504774706409,0.4977086355156644,1,2622.22
false,60.27229087611817,1.117116745091607,1,2645.1
false,68.65295959569721,2.655227390524033,1,2636.1
false,47.0052972983508,0.04281636244377296,1,2649.21
false,67.87522388517776,0.3028701057910439,1,2664.41
false,68.29540250471094,1.341611601278601,1,2794.41
false,58.59925702044016,0.1249165677440942,1,2716.6
false,69.8978737724325,1.510747356657248,1,2732.11
false,45.67144266111282,-0.5367032179065063,-1,2646.29
false,30.60038941553557,-1.39219131715754,-1,2685.66
false,44.13665037520765,-0.5660216563610447,-1,2630.06
false,35.62385262236253,-0.939788165574555,-1,2615.39
false,38.89284091503369,-0.03536267768731705,-1,2519.28
false,65.51039175600913,0.7734508102544169,1,2504.94
false,60.5153890690766,1.32205362971763,1,2530.93
false,38.51773722312986,-0.3711866493244997,-1,2534.79
false,56.77991347512089,0.1623071307712962,1,2609.12
false,62.37274988733461,0.5781983737629162,1,2548.31
false,35.71666962920169,-0.6932308506134177,-1,2550.76
false,67.50985921049434,1.880589988577867,1,2634.41
false,36.76587769201668,-2.356380086675017,-1,2595.79
false,45.0541309184549,0.1424314798482555,1,2621.41
false,32.51981227812728,-0.9809160824179344,-1,2563.36
false,37.31339702928667,-0.1024327596023795,-1,2567.89
false,47.95685857616915,0.2641805846410534,1,2659.24
false,62.67096134977479,0.6510336287460632,1,2637.95
false,58.14292408679948,1.195920152967574,1,2689.73
false,48.23497437528741,0.1061807408027562,1,2706.1
false,52.10427961692815,-0.02964017260319451,-1,2707.58
false,41.45151774954746,-0.2784697784263699,-1,2768.57
false,53.24746075550784,-0.6691103331991144,-1,2761.26
false,30.08161217913317,-2.108770245471533,-1,2765.27
false,40.14252743545607,-0.2137686415753706,-1,2760.89
false,36.73625625078432,-0.3427202225470865,-1,2809.78
false,63.06135042057092,0.7637791898487194,1,2809.62
false,59.64854266721773,0.09544599036189538,1,2872.41
false,62.41104891210073,0.2768957011526254,1,2874.61
false,47.06981702754226,-0.05914367862942527,-1,2848.47
false,43.89051283455034,-0.009134442108006624,-1,2795.88
false,44.90356094690748,-0.6951870198963661,-1,2685.76
false,68.61339090958569,0.3485805458135474,1,2682.9
false,59.24076428374254,0.8175236031797795,1,2597.22
false,35.74641447104155,-2.227056219900533,-1,2559.59
false,64.12499631124122,0.2248049748322956,1,2557.94
false,39.0748496231455,-0.4317736545967819,-1,2581.3
false,59.02511139986211,0.4763677638075023,1,2617.24
false,57.81698836709974,0.1863028296102129,1,2669.23
false,59.80457125919231,0.2782066989589111,1,2653.6
false,33.1746804163871,-0.6713197671324451,-1,2626.68
false,60.92479177417624,0.3056485866345611,1,2717.9
false,49.6345208320696,-0.07057740674872548,-1,2706.9
false,41.32546010114068,-0.3961863409585931,-1,2708.7
false,38.85051780366646,-0.444250770529834,-1,2723.59
false,55.69023302872187,-0.1187354869753108,-1,2734.6
true,64.66041413893278,1.358607982972444,1,2757.5
false,41.05898640480108,0.2102052686532261,1,2733.72
false,44.18256815186896,-0.5471538263523144,-1,2737.38
false,32.71734678673047,-0.5990244672443623,-1,2745.06
false,36.89098826551392,-0.9670227566521135,-1,2743.7
false,30.68618731940816,-0.9565232333420681,-1,2759.3
false,56.20412229859503,0.2307720533303836,1,2758.92
false,32.0167966640622,-0.273953810148214,-1,2755.1
false,45.59096710144209,-0.8899376665367527,-1,2799.69
false,54.42624885674815,-0.004780515708716848,-1,2806.2
true,33.37764556980628,-0.6339718709823501,-1,2758.1
false,35.25347547893168,-0.2695495060793291,-1,2835.4
false,63.6014640405057,0.07131933655955436,1,2769.72
false,44.44222505844662,0.0492099789535132,1,2981.92
false,33.30506222027741,-0.5714269215527565,-1,2970.6
false,35.57346973037788,-1.431915740452496,-1,2983.4
false,62.79463106920797,0.9726027281808456,1,3037.25
false,40.50825355779931,-1.103184149431399,-1,2993.29
false,66.22607007342211,0.3356707588422978,1,2998.4
false,31.42391700333265,-1.608192634242187,-1,2962.4
false,59.25043481075486,0.231476810683489,1,2993.71
false,30.425793804459,-0.6550662682111579,-1,2975.28
false,45.62356953041957,-0.3610461981716071,-1,2983.57
false,31.44685053367813,-1.414437366088805,-1,2851.4
false,40.34878501645371,-1.169284687010986,-1,2954.78
false,47.81253990423668,0.1223838390819765,1,3072.2
false,58.4667773613286,0.1472405292543044,1,3083.81
false,44.44053138350346,-0.1538693708912433,-1,3065.9
false,50.63297147042826,0.0325049585007946,1,3091.3
false,38.26806146311463,-0.449550056417138,-1,3067.69
false,31.45953682481225,-2.124679725226088,-1,3038.2
false,38.49283561214791,-3.448873304626886,-1,3031.4
false,40.6827671268363,-0.9073410839287135,-1,3044.4
false,42.44431026371497,-0.4943193236335901,-1,3046.07
false,30.1398307944937,-0.8277022335419133,-1,3117.5
false,36.64612049229849,-0.230998878401806,-1,3098.08
false,52.57227977321799,0.1470060298702265,1,3096.31
false,49.13086515755142,0.07773682407287197,1,3134.65
false,54.54103785494748,0.6174171676771039,1,3081.41
false,45.07984205577292,-0.3110586573811815,-1,3080.26
false,59.20400917714962,0.1034317560834097,1,3111.31
false,68.75280612163486,0.5793460503209644,1,3183.21
false,44.54612022986058,-0.8135342897435294,-1,3169.09
false,42.93004145097618,-0.6097548830953201,-1,3201.35
false,38.48285537496791,-0.2377504747682906,-1,3224.89
false,62.04400148606562,0.6384981058195081,1,3240.73
false,32.49700850347611,-0.8818775000963797,-1,3206.8
false,49.42658246639756,-0.1061345250182057,-1,3242.2
false,35.20502245658608,-0.6551175779495679,-1,3217.1
false,31.94719993172369,-1.410087289952116,-1,3245.6
true,56.26458763266613,0.5861904190232963,1,3376.9
false,41.52936778176347,-3.452673337826582,-1,3370.9
false,53.94962002085929,0.022142137521314,1,3397.61
false,48.3458724298376,-0.1874319098042179,-1,3314.2
false,47.8540378510962,-0.5784148463026213,-1,3348.69
false,52.06672152469686,0.3024594634753157,1,3372.8
false,57.45686563566395,0.2860598003230734,1,3381.42
false,37.97919953575038,-0.5931586637007058,-1,3418.19
false,51.22738104896179,0.05529301425485755,1,3441.71
false,31.93401845727426,-1.536172278691993,-1,3467.4
false,41.39331502243055,-0.3310593430373956,-1,3436.4
false,31.89516897388603,-0.5317641214160176,-1,3438.7
false,33.13358106908431,-0.6423772763455418,-1,3458.3
false,66.12685020587644,0.6595655326095766,1,3511.11
false,30.50516249919011,-1.421265057734672,-1,3572.79
false,61.1211460148865,2.75615873843617,1,3590.6
false,59.20815778921852,1.265469361623218,1,3588.6
false,55.19645565213067,0.06505193104294449,1,3589.3
false,51.79496373071987,0.6280271342243395,1,3535.82
false,31.7299937071687,-1.04221663781982,-1,3554.86
false,54.91948028507219,0.5288167838884874,1,3616.2
false,31.13615269232697,-1.243672471025548,-1,3618.88
false,60.35838914634088,2.801479555716014,1,3536.6
true,40.8240233652358,-1.00537611564323,-1,3502.45
false,68.21259812746602,1.863391888364276,1,3460.2
false,41.30015229444079,-0.1946471000728707,-1,3499.12
false,49.92618630357987,1.07012559927125,1,3677.21
false,36.22898096999871,-0.9906762374371283,-1,3673.69
false,48.51811180096984,-0.7602808874371476,-1,3493.4
false,68.53783818084165,1.904095699309437,1,3548.7
false,57.76131624878855,0.2823285729714371,1,3575.11
false,56.38856760268414,0.1999253459475767,1,3572.32
false,32.59337674727772,-0.5975425003693999,-1,3599.4
false,36.89180893166986,-0.9124046315137093,-1,3709.69
false,41.35111726635505,-1.60743146652203,-1,3722.78
false,53.24551064732547,0.2222803994477545,1,3806.5
false,50.13014145779595,0.1267113803332904,1,3809.31
false,59.16951592459947,1.480109485584762,1,3822.2
false,59.28000232867571,1.471956298935766,1,3921.92
false,44.33702451905817,-0.5164803888678762,-1,3910.2
false,33.18783744065944,-2.029622143339566,-1,3882.06
false,52.10704168478084,0.1717372222510676,1,3915.42
false,43.33335725354509,-0.4391859260585989,-1,3917.8
false,38.96352070135677,-2.382661311377888,-1,3925.2
false,54.19648577727239,-0.05130939767241216,-1,3949.89
false,51.24706867424762,0.3711507140824324,1,3884.32
false,62.8308146489519,2.854097633340189,1,3896.0
true,31.1205067617564,-3.507312931964407,-1,3870.76
false,69.99282377563345,3.192594590526369,1,4070.1
false,67.96836889891163,0.6002800497522003,1,4100.31
false,33.46615635381148,-0.6767071841431971,-1,4079.57
false,30.26925154673648,-5.495810906538736,-1,4049.29
false,30.9534479625726,-2.720422916173447,-1,3999.24
false,41.99649255986301,-0.8997933534724325,-1,3975.97
false,61.11976850323126,3.010309727817912,1,4020.6
false,58.88462713127085,1.585208270189923,1,3769.9
true,49.52979782444105,0.1631696001040837,1,3768.56
false,32.50051927702013,-4.66964199979202,-1,3750.38
false,59.76726935862941,0.7085885755091113,1,3823.36
false,47.38764452539858,-0.1269041772311539,-1,3807.1
false,38.17521826945124,-1.476762845137728,-1,3968.88
false,63.68014557365846,1.822213199395264,1,4164.13
false,62.1879516081469,0.8265976647708158,1,4210.21
false,57.7422136611818,1.497330183408849,1,4263.12
false,36.94707619375402,-2.517736446724484,-1,4320.58
false,69.12150809161531,2.843170900371661,1,4242.23
false,30.16397350465664,-1.674143745542096,-1,4117.3
false,37.62283224252104,-3.715065764024075,-1,4152.4
false,37.90621671820798,-3.772500579959342,-1,4125.08
false,66.50029595308104,0.8192603792549562,1,4300.43
true,48.01010403071078,0.2067688115575947,1,4241.94
false,68.05068585355582,3.308539348216982,1,4160.15
false,60.18121621101631,0.5027264893979009,1,4170.12
false,42.90582285392917,-3.33862464979029,-1,4114.33
false,52.9655089735213,0.1411529454098854,1,4156.7
false,38.88805122759369,-1.566093600979002,-1,4101.3
false,59.24684251602422,0.6573373918008656,1,4155.1
false,60.73700616500566,1.556991491815097,1,4220.03
true,34.59216137678223,-0.811023343706438,-1,4194.59
false,65.92484809316738,0.5668603008880382,1,4216.6
false,40.39000928075379,-0.5432960051039117,-1,4136.19
false,57.97315922912963,0.2217209011096202,1,4233.93
false,51.09435566870435,-0.363461695589649,-1,4301.39
false,52.73202716509956,0.0884490205653492,1,4451.72
false,67.517704846331,2.387063805459547,1,4456.91
false,42.25010337534258,-0.2568131330708638,-1,4465.3
false,34.09485844387336,-0.5447433436465872,-1,4430.5
false,32.66461343678709,-5.423197376765529,-1,4309.78
false,57.19947648961226,0.3300976085156435,1,4346.5
false,42.23373961071383,-0.08875817027819721,-1,4365.69
false,38.28694945865848,-0.4797167642554996,-1,4316.58
false,57.47399072873193,1.472096527054418,1,4311.5
false,47.05693894572394,2.225192386234085,1,4289.12
false,51.75374490480557,2.588800866568818,1,4376.79
false,53.59157085376282,0.4911533318218062,1,4419.61
false,65.96235607621188,1.829519748795974,1,4516.93
false,56.18791293232748,0.3587980553829766,1,4419.2
false,53.59303412420212,0.147560738590073,1,4507.2
false,32.50116840911367,-2.9791649531453,-1,4475.39
false,59.50392695074947,-0.009271726476072217,-1,4531.69
false,40.12345375315454,-1.390378412276732,-1,4498.77
false,62.48181458824286,3.943255531527029,1,4518.83
false,33.40630814446568,-2.288113643549877,-1,4463.46
false,68.70437214701172,1.949805234512496,1,4489.5
true,30.16147829080236,-0.8059272640048221,-1,4407.5
false,62.92747588764315,2.163065978285886,1,4426.28
false,37.254429478703,-1.012418333423739,-1,4446.07
true,59.97817863700931,0.4045675584711717,1,4464.2
false,35.73102177038412,-1.110087640980055,-1,4528.8
false,69.09928116429208,2.332472699879872,1,4565.4
false,62.7254531234177,0.9602004978469267,1,4527.31
false,58.43971552626289,0.2407483103870618,1,4414.74
false,60.32766569316848,0.3073854142276105,1,4445.51
true,41.41672507521009,-1.118762244365826,-1,4661.9
true,63.67360235364584,3.087850877989695,1,4617.19
true,63.09469772262562,1.153538291422592,1,4620.62
false,67.44595697466264,5.067706937378716,1,4579.5
false,51.39953063161266,-0.5641942736610872,-1,4555.7
false,61.98663690727889,0.2531149027727224,1,4616.62
false,52.49208188805699,-0.005062700761300221,-1,4527.8
false,55.96016106805256,-0.01233191472601902,-1,4509.68
false,32.68737263719613,-1.55835126265174,-1,4517.79
false,31.25383468420233,-1.62313689255916,-1,4351.95
false,33.95563442525535,-3.548115609299202,-1,4349.91
false,39.33886426244874,-2.666649216519545,-1,3978.33
true,54.61564450290745,4.426446858721647,1,4018.36
false,60.32395599960657,4.008276732482045,1,4173.33
true,32.30631590311721,-24.68734461170152,-1,4024.3
false,52.47888041305178,2.325306380343136,1,4051.52
true,64.54107091599951,7.88070386545678,1,4083.62
true,50.41754878363697,2.080512637709035,1,4155.09
false,32.45599365421948,-9.168379552582792,-1,4010.09
true,56.09377256897614,0.6915104412491928,1,4128.8
true,60.54425226002474,3.351685502715554,1,4169.9
false,55.63165471048442,0.9691787421870686,1,4233.02
false,67.8979378973045,2.171542469064661,1,4293.38
true,64.357184826978,3.796718354261429,1,4322.48
false,35.59645472370059,-3.320346999169487,-1,4246.91
false,59.23866537227353,1.964959358813758,1,4319.07
true,48.98874573864756,-3.570451328854688,-1,4305.34
true,53.50672176697793,0.1935927533231734,1,4178.85
false,48.6929327675067,-0.0458935389351609,-1,4145.88
false,49.88028554214727,-1.505735727513638,-1,4132.38
false,37.29405589438279,-2.483192622904426,-1,4175.6
false,43.80160678961818,-3.28606114987906,-1,4183.34
false,58.25390834182819,0.6164009118792819,1,4277.64
false,54.62464970474987,0.9613824841835594,1,4293.39
false,65.74455423325236,1.424064272480791,1,4212.16
false,55.37240082420665,1.723744304950742,1,4268.04
true,46.27443866026,-0.05526679662398237,-1,4261.4
false,58.84936906304503,0.3456131306675161,1,4131.11
false,39.82044246823072,-1.339690154450182,-1,4440.68
true,59.58848492925413,1.141751450582888,1,4512.79
false,48.44482456863601,-1.107462816350562,-1,4626.17
false,40.25491283306478,-1.334118294008476,-1,4637.53
false,33.0423676830134,-1.071269802680945,-1,4693.39
false,35.13901735047401,-3.021966522745061,-1,4684.87
false,60.74025401890511,2.764921458902791,1,4696.19
false,54.13047966786061,2.323050353269537,1,4551.58
false,49.07140970925433,-1.324791128606194,-1,4522.77
true,43.74148364397478,-0.8664835347308326,-1,4647.7
true,45.19413333087316,-0.6571689074962705,-1,4477.8
true,62.9448455757022,0.9963241275791006,1,4428.9
true,68.29231169633348,2.622966936611192,1,4326.04
true,32.66001612609141,-2.638345176162147,-1,4254.26
true,50.52246401728353,1.166707997872436,1,4268.7
true,45.38595400799505,-1.004166371119936,-1,4189.8
false,37.77667685313452,-4.311522621477707,-1,4121.55
false,36.96868420837981,-1.654552252924077,-1,4086.74
false,63.47141434723012,2.908906790071342,1,4102.2
true,54.17286358543612,5.323964327958493,1,4134.21
true,56.75862792186397,0.861234925192548,1,4168.03
true,43.09243826145003,-2.040256388346279,-1,4169.96
false,34.0134443998211,-3.639254357833124,-1,4138.03
false,57.05805605170038,2.684474313446117,1,4265.9
false,46.38129119315654,0.5926812164916555,1,4302.17
true,31.8825930828654,-4.672887449410155,-1,4150.73
true,49.68256483436671,0.8611158777684977,1,4121.35
false,44.06841207208117,-3.345928514717343,-1,4121.0
true,57.97626647673038,3.492393556184652,1,3927.39
true,61.68665562423325,1.615593636577614,1,3945.1
false,56.21194357992451,0.1416005890109773,1,3957.1
false,53.83559795245631,0.1242595958569837,1,3960.9
false,42.37177279846432,-2.369535249959881,-1,3926.2
false,64.6555518299655,1.727867273287757,1,4012.3
true,43.05711188857809,-1.88004185562977,-1,3989.45
false,34.21365971544228,-2.245165608410389,-1,4051.2
false,46.12712055073831,-2.840383309217941,-1,4120.9
false,37.99700285838895,-2.055133057325293,-1,4230.6
true,67.52563577033251,3.152423983999142,1,4332.3
true,53.39788076678469,-0.3452405823563822,-1,4448.65
true,54.64554169836238,2.912890354934461,1,4377.71
false,68.20423473273311,2.734226268666134,1,4307.7
false,38.40807566472885,-1.331688733999727,-1,4319.09
true,44.90377839568212,0.01276592430804158,1,4809.41
false,35.13502135023903,-2.473340226900291,-1,4776.4
false,64.8127004322958,0.7647273477396084,1,4749.299999999999
false,46.41084279160603,1.120206741844413,1,4839.7
false,64.0371947091664,2.353573044381847,1,4907.799999999999
true,40.94737987322515,-0.6197761542225635,-1,4715.1
false,47.25455964641718,-0.4288412194682678,-1,4805.200000000001
true,47.70961559673452,-0.9628911542713467,-1,4653.9
false,54.76412110394133,0.8600623107995489,1,4673.4
true,53.02893140000436,-2.015655236828024,-1,4776.400000000001
true,45.42486813499755,-2.347163038863982,-1,4805.1
true,33.22429818000951,-4.781880364390418,-1,4732.6
false,47.29524333594875,-0.494920690824074,-1,4778.0
false,47.10542104877632,0.4113792412153998,1,4887.099999999999
