true,40.0,-2.0,-1,6785.0
false,40.0,-2.0,-1,6899.0
false,57.0,2.0,1,6917.0
true,41.0,-1.0,-1,6857.0
true,38.0,-2.0,-1,6737.0
true,32.0,-8.0,-1,6716.0
true,50.0,-1.0,-1,6434.0
false,52.0,1.0,1,6346.0
true,59.0,2.0,1,6312.0
true,39.0,-4.0,-1,6458.0
false,34.0,-5.0,-1,6359.0
false,52.0,0.0,1,6424.0
false,48.0,-8.0,-1,6485.0
true,42.0,-6.0,-1,6537.0
false,46.0,1.0,1,6654.0
false,63.0,6.0,1,6676.0
true,38.0,-1.0,-1,6562.0
true,57.0,2.0,1,6564.0
true,45.0,-4.0,-1,6558.0
true,52.0,-1.0,-1,6469.0
true,63.0,6.0,1,6346.0
false,51.0,3.0,1,6348.0
true,60.0,0.0,1,6258.0
true,45.0,-7.0,-1,6325.0
true,44.0,0.0,1,6488.0
true,60.0,3.0,1,6532.0
true,55.0,5.0,1,6512.0
true,54.0,0.0,1,6670.0
true,43.0,-3.0,-1,6713.0
true,45.0,-2.0,-1,6822.0
false,31.0,-4.0,-1,6770.0
true,32.0,-8.0,-1,6822.0
false,42.0,-1.0,-1,6778.0
true,31.0,-2.0,-1,6941.0
true,38.0,-3.0,-1,6829.0
true,40.0,-6.0,-1,6785.0
false,52.0,-1.0,-1,6672.0
true,53.0,0.0,1,6753.0
true,69.0,3.0,1,6833.0
true,49.0,-1.0,-1,6905.0
false,41.0,-2.0,-1,6812.0
true,55.0,3.0,1,6893.0
true,45.0,0.0,-1,7132.0
false,50.0,1.0,1,7050.0
true,37.0,-4.0,-1,6928.0
true,45.0,1.0,1,6846.0
true,45.0,-1.0,-1,6880.0
false,50.0,4.0,1,6863.0
true,42.0,-3.0,-1,6731.0
true,33.0,-3.0,-1,6656.0
true,68.0,3.0,1,6635.0
false,53.0,0.0,1,6682.0
true,39.0,-1.0,-1,6564.0
true,67.0,1.0,1,6608.0
true,35.0,-6.0,-1,6592.0
true,53.0,3.0,1,6606.0
true,52.0,-1.0,-1,6772.0
false,57.0,6.0,1,6541.0
false,38.0,-4.0,-1,6472.0
false,61.0,12.0,1,6524.0
true,58.0,9.0,1,6470.0
false,36.0,-7.0,-1,6458.0
true,36.0,-5.0,-1,6503.0
true,47.0,3.0,1,6462.0
true,37.0,-6.0,-1,6571.0
true,37.0,-3.0,-1,6488.0
true,49.0,0.0,-1,6377.0
false,37.0,-5.0,-1,6330.0
true,34.0,-5.0,-1,6396.0
true,52.0,0.0,-1,6405.0
false,67.0,6.0,1,6446.0
false,49.0,-3.0,-1,6362.0
true,59.0,4.0,1,6465.0
false,55.0,1.0,1,6635.0
true,50.0,0.0,1,6542.0
true,49.0,-2.0,-1,6559.0
true,47.0,0.0,-1,6450.0
true,58.0,1.0,1,6511.0
false,40.0,-2.0,-1,6466.0
true,48.0,0.0,-1,6576.0
true,46.0,-2.0,-1,6576.0
true,33.0,-3.0,-1,6593.0
false,66.0,3.0,1,6645.0
true,48.0,0.0,-1,6655.0
true,53.0,0.0,-1,6801.0
true,38.0,-2.0,-1,6745.0
true,62.0,2.0,1,6662.0
true,48.0,-2.0,-1,6669.0
true,34.0,-9.0,-1,6589.0
false,57.0,2.0,1,6511.0
true,70.0,6.0,1,6527.0
true,53.0,1.0,1,6653.0
false,54.0,2.0,1,6690.0
false,44.0,-4.0,-1,6580.0
true,50.0,0.0,-1,6687.0
true,56.0,1.0,1,6656.0
true,54.0,2.0,1,6808.0
true,65.0,3.0,1,6913.0
false,59.0,1.0,1,6966.0
true,44.0,-1.0,-1,6894.0
true,59.0,2.0,1,6908.0
false,69.0,2.0,1,6966.0
false,44.0,-1.0,-1,6964.0
false,48.0,-1.0,-1,7145.0
true,69.0,3.0,1,7125.0
false,45.0,0.0,-1,7154.0
true,52.0,0.0,-1,7236.0
true,45.0,-1.0,-1,7214.0
true,62.0,5.0,1,7177.0
true,35.0,-5.0,-1,7189.0
true,43.0,-3.0,-1,7123.0
true,36.0,-5.0,-1,7049.0
true,50.0,-1.0,-1,7067.0
true,31.0,-6.0,-1,7089.0
true,55.0,0.0,1,6996.0
true,33.0,-2.0,-1,7064.0
true,38.0,-2.0,-1,7066.0
true,59.0,2.0,1,7020.0
false,45.0,-2.0,-1,7058.0
true,65.0,2.0,1,7109.0
false,45.0,0.0,-1,7221.0
true,45.0,0.0,1,7292.0
true,51.0,0.0,-1,7351.0
false,57.0,2.0,1,7481.0
false,43.0,0.0,1,7406.0
true,56.0,0.0,-1,7284.0
true,58.0,1.0,1,7217.0
false,42.0,0.0,-1,7243.0
true,61.0,5.0,1,7386.0
false,59.0,0.0,1,7453.0
false,51.0,1.0,1,7416.0
true,54.0,2.0,1,7336.0
true,42.0,-3.0,-1,7391.0
false,41.0,-2.0,-1,7348.0
true,58.0,2.0,1,7462.0
true,45.0,0.0,-1,7669.0
true,39.0,-4.0,-1,7618.0
false,48.0,0.0,-1,7409.0
true,49.0,2.0,1,7467.0
true,32.0,-4.0,-1,7546.0
true,39.0,-4.0,-1,7482.0
true,51.0,1.0,1,7455.0
true,56.0,1.0,1,7551.0
false,44.0,-3.0,-1,7573.0
true,65.0,2.0,1,7624.0
false,58.0,2.0,1,7688.0
true,51.0,0.0,-1,7625.0
true,39.0,-4.0,-1,7549.0
false,64.0,5.0,1,7487.0
false,58.0,3.0,1,7424.0
true,45.0,0.0,-1,7368.0
true,39.0,-1.0,-1,7385.0
true,50.0,0.0,-1,7319.0
true,35.0,-3.0,-1,7235.0
true,44.0,-1.0,-1,7006.0
true,46.0,0.0,1,6952.0
false,37.0,-4.0,-1,6945.0
false,52.0,1.0,1,7054.0
false,37.0,-10.0,-1,6953.0
true,47.0,-1.0,-1,7106.0
true,59.0,3.0,1,7070.0
true,50.0,-5.0,-1,7147.0
true,49.0,-1.0,-1,7122.0
false,37.0,-6.0,-1,7075.0
true,59.0,2.0,1,7191.0
true,32.0,-9.0,-1,7241.0
true,50.0,1.0,1,7141.0
false,57.0,3.0,1,7219.0
true,49.0,-1.0,-1,7104.0
true,47.0,2.0,1,7111.0
false,61.0,2.0,1,7189.0
true,47.0,-1.0,-1,7099.0
true,42.0,-4.0,-1,6988.0
true,49.0,2.0,1,7000.0
true,52.0,2.0,1,7063.0
true,30.0,-2.0,-1,7068.0
true,52.0,0.0,-1,6996.0
true,35.0,-8.0,-1,6929.0
false,47.0,-2.0,-1,6845.0
false,38.0,-3.0,-1,6906.0
true,38.0,-8.0,-1,7001.0
true,46.0,-1.0,-1,6866.0
false,45.0,-1.0,-1,6798.0
false,46.0,0.0,1,6865.0
true,52.0,3.0,1,6766.0
true,49.0,-6.0,-1,6846.0
true,54.0,1.0,1,6870.0
false,57.0,1.0,1,6949.0
true,52.0,3.0,1,6861.0
false,41.0,-3.0,-1,6888.0
false,58.0,6.0,1,6949.0
false,55.0,6.0,1,6829.0
true,42.0,-1.0,-1,6724.0
true,44.0,-2.0,-1,6737.0
true,41.0,-5.0,-1,6753.0
true,69.0,11.0,1,6744.0
true,63.0,1.0,1,6851.0
true,64.0,4.0,1,6931.0
true,62.0,4.0,1,6980.0
true,51.0,-1.0,-1,7007.0
false,45.0,-1.0,-1,6951.0
true,56.0,0.0,-1,7045.0
true,43.0,-2.0,-1,7080.0
true,36.0,-6.0,-1,7028.0
true,52.0,0.0,-1,6973.0
true,47.0,-3.0,-1,6948.0
true,54.0,1.0,1,6900.0
true,51.0,1.0,1,6921.0
false,35.0,-4.0,-1,6962.0
true,64.0,3.0,1,7066.0
false,45.0,0.0,-1,7055.0
false,53.0,3.0,1,7087.0
true,42.0,-3.0,-1,6977.0
true,37.0,-3.0,-1,6912.0
true,34.0,-3.0,-1,6848.0
true,54.0,2.0,1,6868.0
true,38.0,-5.0,-1,6886.0
false,54.0,3.0,1,6852.0
true,56.0,0.0,1,6802.0
true,44.0,-2.0,-1,6868.0
false,36.0,-7.0,-1,6743.0
false,59.0,1.0,1,6819.0
false,39.0,-1.0,-1,6751.0
true,57.0,1.0,1,6764.0
true,43.0,-2.0,-1,6874.0
false,47.0,0.0,-1,6809.0
true,44.0,-1.0,-1,6857.0
true,51.0,1.0,1,6851.0
true,35.0,-1.0,-1,6896.0
true,45.0,-2.0,-1,6823.0
true,48.0,-1.0,-1,6662.0
true,34.0,-2.0,-1,6597.0
false,51.0,6.0,1,6513.0
false,58.0,4.0,1,6608.0
false,30.0,-7.0,-1,6505.0
false,50.0,-1.0,-1,6569.0
false,60.0,10.0,1,6617.0
false,38.0,-1.0,-1,6501.0
true,51.0,0.0,1,6577.0
true,59.0,0.0,1,6663.0
true,67.0,4.0,1,6710.0
true,63.0,2.0,1,6759.0
false,37.0,-6.0,-1,6817.0
true,53.0,1.0,1,6898.0
true,41.0,-3.0,-1,7018.0
true,45.0,-1.0,-1,6872.0
true,30.0,-2.0,-1,6684.0
false,43.0,-3.0,-1,6662.0
true,66.0,7.0,1,6785.0
true,45.0,-4.0,-1,6813.0
true,48.0,-1.0,-1,6736.0
false,47.0,1.0,1,6698.0
true,30.0,-7.0,-1,6601.0
false,43.0,-3.0,-1,6571.0
true,56.0,3.0,1,6671.0
true,45.0,-3.0,-1,6723.0
false,45.0,-1.0,-1,6654.0
true,51.0,2.0,1,6725.0
true,57.0,1.0,1,6821.0
false,54.0,1.0,1,6807.0
true,32.0,-12.0,-1,6735.0
true,45.0,-2.0,-1,6677.0
false,53.0,2.0,1,6626.0
true,39.0,-3.0,-1,6561.0
true,56.0,3.0,1,6545.0
false,68.0,8.0,1,6601.0
true,45.0,-1.0,-1,6527.0
true,39.0,-4.0,-1,6478.0
true,45.0,-1.0,-1,6491.0
true,34.0,-12.0,-1,6478.0
false,70.0,5.0,1,6561.0
true,31.0,-14.0,-1,6365.0
false,48.0,-2.0,-1,6292.0
false,66.0,4.0,1,6372.0
true,48.0,0.0,-1,6316.0
false,52.0,3.0,1,6251.0
false,51.0,-1.0,-1,6251.0
false,41.0,-3.0,-1,6234.0
true,35.0,-4.0,-1,6225.0
true,31.0,-9.0,-1,6153.0
false,49.0,1.0,1,6133.0
false,54.0,4.0,1,6049.0
true,49.0,-1.0,-1,5961.0
true,57.0,1.0,1,5927.0
true,40.0,-5.0,-1,5973.0
true,46.0,1.0,1,5943.0
false,66.0,1.0,1,6266.0
false,52.0,5.0,1,6170.0
false,37.0,-1.0,-1,6054.0
false,54.0,0.0,1,6330.0
true,50.0,2.0,1,6274.0
true,59.0,2.0,1,6319.0
false,59.0,2.0,1,6356.0
false,47.0,-1.0,-1,6283.0
false,66.0,5.0,1,6380.0
true,56.0,0.0,1,6209.0
true,38.0,-5.0,-1,6224.0
true,59.0,4.0,1,6219.0
true,47.0,-2.0,-1,6218.0
true,55.0,1.0,1,6203.0
true,67.0,3.0,1,6247.0
true,60.0,2.0,1,6377.0
false,67.0,4.0,1,6457.0
false,67.0,2.0,1,6543.0
true,62.0,3.0,1,6526.0
false,58.0,5.0,1,6588.0
false,60.0,2.0,1,6588.0
false,43.0,-1.0,-1,6530.0
true,70.0,4.0,1,6647.0
true,49.0,0.0,-1,6667.0
true,63.0,2.0,1,6651.0
true,69.0,6.0,1,6696.0
false,39.0,-6.0,-1,6689.0
false,61.0,4.0,1,6787.0
true,34.0,-3.0,-1,6662.0
false,40.0,-2.0,-1,6592.0
false,44.0,-2.0,-1,6667.0
true,34.0,-3.0,-1,6738.0
true,66.0,3.0,1,6673.0
true,49.0,1.0,1,6716.0
false,41.0,-4.0,-1,6784.0
true,62.0,3.0,1,6857.0
true,58.0,2.0,1,6887.0
true,33.0,-3.0,-1,6925.0
false,47.0,-2.0,-1,6922.0
true,69.0,2.0,1,7027.0
true,36.0,-1.0,-1,7071.0
true,55.0,1.0,1,7030.0
false,38.0,0.0,-1,7068.0
false,39.0,-3.0,-1,7132.0
false,38.0,-3.0,-1,7085.0
true,30.0,-3.0,-1,7155.0
true,46.0,0.0,1,6963.0
false,32.0,-3.0,-1,7268.0
false,63.0,3.0,1,7417.0
false,63.0,2.0,1,7370.0
true,51.0,2.0,1,7291.0
false,41.0,-2.0,-1,7349.0
true,66.0,3.0,1,7668.0
true,50.0,0.0,1,7808.0
true,41.0,-2.0,-1,7806.0
false,40.0,0.0,-1,7746.0
false,45.0,-1.0,-1,7773.0
true,42.0,-2.0,-1,7803.0
true,33.0,-4.0,-1,7752.0
false,33.0,-5.0,-1,7659.0
true,53.0,0.0,1,7739.0
false,54.0,0.0,1,7750.0
true,44.0,-1.0,-1,7644.0
true,49.0,-1.0,-1,7614.0
true,45.0,-2.0,-1,7548.0
false,46.0,0.0,-1,7497.0
true,50.0,-1.0,-1,7566.0
true,32.0,-9.0,-1,7529.0
false,32.0,-4.0,-1,7437.0
true,38.0,-3.0,-1,7386.0
true,51.0,-2.0,-1,7353.0
false,35.0,-3.0,-1,7283.0
true,55.0,1.0,1,7387.0
true,36.0,-4.0,-1,7426.0
true,57.0,3.0,1,7364.0
false,49.0,0.0,-1,7500.0
true,44.0,-1.0,-1,7581.0
true,48.0,0.0,1,7517.0
true,40.0,-3.0,-1,7542.0
false,49.0,-3.0,-1,7368.0
true,49.0,-1.0,-1,7422.0
false,57.0,2.0,1,7345.0
true,51.0,0.0,-1,7335.0
true,46.0,-1.0,-1,7338.0
true,36.0,-2.0,-1,7264.0
true,62.0,5.0,1,7215.0
true,47.0,0.0,-1,7143.0
false,61.0,2.0,1,7120.0
true,36.0,-4.0,-1,7043.0
true,35.0,-6.0,-1,6986.0
true,69.0,3.0,1,7034.0
false,57.0,7.0,1,7217.0
false,63.0,2.0,1,7503.0
true,60.0,3.0,1,7516.0
false,43.0,-2.0,-1,7601.0
false,65.0,3.0,1,7681.0
true,40.0,-1.0,-1,7706.0
true,46.0,-2.0,-1,7799.0
true,56.0,0.0,1,7822.0
true,54.0,1.0,1,7911.0
true,41.0,-1.0,-1,7920.0
false,62.0,2.0,1,7913.0
true,54.0,0.0,-1,7997.0
true,43.0,-1.0,-1,7965.0
true,57.0,1.0,1,7870.0
true,68.0,4.0,1,7935.0
true,43.0,-2.0,-1,7762.0
false,47.0,1.0,1,7676.0
true,45.0,0.0,-1,7580.0
true,44.0,-2.0,-1,7524.0
true,39.0,-5.0,-1,7450.0
true,45.0,-1.0,-1,7397.0
true,47.0,1.0,1,7249.0
false,35.0,-7.0,-1,7398.0
true,61.0,2.0,1,7479.0
false,36.0,-1.0,-1,7427.0
false,44.0,-8.0,-1,7491.0
true,52.0,1.0,1,7544.0
true,65.0,4.0,1,7603.0
true,49.0,-2.0,-1,7689.0
true,56.0,0.0,-1,7637.0
true,34.0,-5.0,-1,7588.0
false,33.0,-2.0,-1,7552.0
true,38.0,-3.0,-1,7506.0
true,30.0,-4.0,-1,7514.0
true,63.0,2.0,1,7429.0
false,65.0,7.0,1,7533.0
true,65.0,6.0,1,7496.0
false,41.0,-1.0,-1,7546.0
true,53.0,0.0,-1,7711.0
false,57.0,2.0,1,7746.0
false,44.0,0.0,1,7711.0
true,58.0,6.0,1,7659.0
true,39.0,-9.0,-1,7684.0
true,33.0,-7.0,-1,7508.0
false,62.0,10.0,1,7484.0
true,62.0,4.0,1,7407.0
false,56.0,3.0,1,7594.0
true,67.0,4.0,1,7564.0
true,35.0,-2.0,-1,7617.0
true,41.0,-4.0,-1,7551.0
true,62.0,4.0,1,7575.0
true,41.0,-2.0,-1,7689.0
true,35.0,-3.0,-1,7648.0
false,32.0,-2.0,-1,7626.0
true,53.0,2.0,1,7748.0
true,37.0,-2.0,-1,7862.0
false,66.0,3.0,1,7825.0
true,61.0,4.0,1,7771.0
true,69.0,2.0,1,7825.0
true,46.0,1.0,1,7924.0
true,57.0,2.0,1,7851.0
false,61.0,3.0,1,7920.0
false,67.0,8.0,1,7837.0
true,49.0,0.0,-1,7766.0
true,50.0,0.0,-1,7699.0
false,66.0,2.0,1,7816.0
true,47.0,-1.0,-1,7756.0
true,37.0,-6.0,-1,7794.0
true,38.0,-4.0,-1,7569.0
false,57.0,2.0,1,7540.0
true,62.0,8.0,1,7545.0
true,53.0,1.0,1,7631.0
true,61.0,2.0,1,7688.0
true,50.0,-1.0,-1,7723.0
true,39.0,-1.0,-1,7664.0
true,54.0,2.0,1,7619.0
true,46.0,-1.0,-1,7664.0
true,59.0,2.0,1,7639.0
true,52.0,0.0,1,7674.0
false,35.0,-2.0,-1,7719.0
true,60.0,1.0,1,7809.0
false,49.0,1.0,1,7879.0
true,69.0,1.0,1,7843.0
true,54.0,1.0,1,7897.0
true,47.0,-2.0,-1,7922.0
true,60.0,4.0,1,7927.0
true,41.0,-4.0,-1,7955.0
true,34.0,-4.0,-1,7877.0
true,53.0,2.0,1,7864.0
false,32.0,-4.0,-1,7915.0
false,56.0,1.0,1,8106.0
true,61.0,2.0,1,8100.0
true,63.0,3.0,1,8201.0
false,40.0,-2.0,-1,6898.0
false,34.0,-5.0,-1,6358.0
false,48.0,-8.0,-1,6484.0
false,31.0,-4.0,-1,6769.0
false,42.0,-1.0,-1,6777.0
false,41.0,-2.0,-1,6811.0
false,36.0,-7.0,-1,6455.0
false,37.0,-5.0,-1,6331.0
false,55.0,-1.0,-1,6395.0
false,44.0,-1.0,-1,6963.0
false,45.0,-2.0,-1,7059.0
false,45.0,0.0,-1,7220.0
false,42.0,0.0,-1,7244.0
false,41.0,-2.0,-1,7347.0
false,48.0,0.0,-1,7408.0
false,44.0,-3.0,-1,7572.0
false,37.0,-4.0,-1,6944.0
false,52.0,1.0,1,7056.0
false,37.0,-10.0,-1,6950.0
false,37.0,-6.0,-1,7074.0
true,53.0,2.0,1,6834.0
false,31.0,-3.0,-1,6831.0
true,68.0,9.0,1,6959.0
false,45.0,-1.0,-1,6797.0
false,57.0,1.0,1,6950.0
false,41.0,-3.0,-1,6887.0
false,45.0,-1.0,-1,6950.0
false,35.0,-4.0,-1,6961.0
false,45.0,0.0,-1,7054.0
false,47.0,0.0,-1,6808.0
false,30.0,-7.0,-1,6506.0
false,50.0,-1.0,-1,6568.0
false,38.0,-1.0,-1,6500.0
false,37.0,-6.0,-1,6819.0
false,43.0,-3.0,-1,6661.0
false,43.0,-3.0,-1,6570.0
false,45.0,-1.0,-1,6653.0
false,48.0,-2.0,-1,6291.0
false,51.0,-1.0,-1,6252.0
false,41.0,-3.0,-1,6233.0
false,37.0,-1.0,-1,6053.0
false,47.0,-1.0,-1,6282.0
false,43.0,-1.0,-1,6529.0
false,39.0,-6.0,-1,6690.0
false,40.0,-2.0,-1,6593.0
false,44.0,-2.0,-1,6666.0
false,41.0,-4.0,-1,6785.0
false,47.0,-2.0,-1,6921.0
false,38.0,0.0,-1,7067.0
false,39.0,-3.0,-1,7131.0
false,38.0,-3.0,-1,7084.0
false,34.0,-2.0,-1,7268.0
false,40.0,0.0,-1,7745.0
false,45.0,-1.0,-1,7772.0
false,51.0,1.0,1,7832.0
true,55.0,1.0,1,7694.0
false,46.0,0.0,-1,7496.0
false,32.0,-4.0,-1,7436.0
false,35.0,-3.0,-1,7282.0
false,49.0,0.0,-1,7501.0
false,49.0,-3.0,-1,7369.0
false,43.0,-2.0,-1,7602.0
false,36.0,-1.0,-1,7426.0
false,44.0,-4.0,-1,7519.0
false,33.0,-2.0,-1,7553.0
false,41.0,-1.0,-1,7547.0
true,39.0,-12.0,-1,7637.0
true,65.0,1.0,1,7630.0
false,57.0,2.0,1,7569.0
false,35.0,-2.0,-1,7718.0
false,49.0,1.0,1,7883.0
true,65.0,2.0,1,7977.0
false,48.0,-8.0,-1,6483.0
false,31.0,-4.0,-1,6768.0
false,42.0,-1.0,-1,6776.0
false,41.0,-2.0,-1,6810.0
false,36.0,-7.0,-1,6456.0
false,37.0,-5.0,-1,6332.0
false,55.0,-1.0,-1,6394.0
true,66.0,3.0,1,7114.0
false,45.0,0.0,-1,7219.0
true,64.0,3.0,1,7236.0
false,41.0,-2.0,-1,7346.0
false,48.0,0.0,-1,7407.0
false,37.0,-10.0,-1,6951.0
false,37.0,-6.0,-1,7073.0
true,44.0,-4.0,-1,7116.0
false,37.0,-3.0,-1,6825.0
false,45.0,-1.0,-1,6796.0
true,61.0,3.0,1,6915.0
false,50.0,-1.0,-1,6991.0
false,35.0,-4.0,-1,6960.0
false,45.0,0.0,-1,7056.0
true,60.0,1.0,1,6864.0
false,53.0,1.0,1,6618.0
false,38.0,-1.0,-1,6499.0
false,37.0,-6.0,-1,6818.0
false,43.0,-3.0,-1,6660.0
false,43.0,-3.0,-1,6569.0
true,52.0,3.0,1,6673.0
false,48.0,-2.0,-1,6290.0
true,51.0,5.0,1,6253.0
false,41.0,-3.0,-1,6232.0
true,59.0,1.0,1,6577.0
true,70.0,5.0,1,6730.0
false,40.0,-2.0,-1,6594.0
false,44.0,-2.0,-1,6665.0
false,47.0,-2.0,-1,6920.0
false,38.0,0.0,-1,7066.0
false,37.0,-3.0,-1,7125.0
false,34.0,-2.0,-1,7267.0
false,40.0,0.0,-1,7744.0
false,47.0,-1.0,-1,7764.0
true,39.0,-2.0,-1,7810.0
false,46.0,0.0,-1,7495.0
false,32.0,-4.0,-1,7435.0
false,35.0,-3.0,-1,7281.0
true,65.0,2.0,1,7536.0
true,57.0,1.0,1,7421.0
false,41.0,-2.0,-1,7384.0
false,36.0,-1.0,-1,7425.0
false,44.0,-4.0,-1,7518.0
true,46.0,0.0,1,7544.0
false,41.0,-1.0,-1,7545.0
false,35.0,-2.0,-1,7717.0
false,48.0,-8.0,-1,6482.0
true,54.0,0.0,1,6823.0
false,37.0,-2.0,-1,6754.0
false,45.0,-1.0,-1,6802.0
true,66.0,3.0,1,6834.0
false,36.0,-7.0,-1,6453.0
false,37.0,-5.0,-1,6333.0
false,55.0,-1.0,-1,6393.0
false,45.0,0.0,-1,7218.0
true,52.0,0.0,1,7403.0
false,48.0,0.0,-1,7406.0
false,37.0,-10.0,-1,6952.0
false,37.0,-6.0,-1,7072.0
true,64.0,7.0,1,6851.0
false,45.0,-1.0,-1,6795.0
false,50.0,-1.0,-1,6990.0
false,35.0,-4.0,-1,6959.0
false,43.0,-3.0,-1,6567.0
false,48.0,-2.0,-1,6289.0
false,41.0,-3.0,-1,6231.0
false,40.0,-2.0,-1,6591.0
false,44.0,-2.0,-1,6664.0
false,47.0,-2.0,-1,6919.0
true,54.0,0.0,1,7109.0
false,37.0,-3.0,-1,7124.0
false,34.0,-2.0,-1,7266.0
false,40.0,0.0,-1,7743.0
false,47.0,-1.0,-1,7765.0
false,46.0,0.0,-1,7494.0
true,53.0,2.0,1,7457.0
false,35.0,-3.0,-1,7284.0
false,41.0,-2.0,-1,7383.0
false,36.0,-1.0,-1,7424.0
true,68.0,3.0,1,7765.0
true,59.0,1.0,1,7848.0
true,41.0,-14.0,-1,2071.0
true,41.0,-14.0,-1,2054.0
false,41.0,-14.0,-1,2040.0
false,41.0,-14.0,-1,2039.0
true,41.0,-14.0,-1,2057.0
true,41.0,-14.0,-1,2043.0
false,41.0,-14.0,-1,1961.0
false,41.0,-14.0,-1,1957.0
false,41.0,-14.0,-1,1911.0
false,41.0,-14.0,-1,1898.0
false,41.0,-14.0,-1,1897.0
false,41.0,-14.0,-1,1947.0
false,41.0,-14.0,-1,1946.0
true,41.0,-14.0,-1,1932.0
false,41.0,-14.0,-1,1912.0
true,41.0,-14.0,-1,1899.0
false,41.0,-14.0,-1,1944.0
true,41.0,-14.0,-1,1930.0
true,41.0,-14.0,-1,1859.0
false,41.0,-14.0,-1,1847.0
false,41.0,-14.0,-1,1848.0
true,41.0,-14.0,-1,1873.0
true,41.0,-14.0,-1,1855.0
true,41.0,-14.0,-1,1843.0
true,41.0,-14.0,-1,1830.0
true,41.0,-14.0,-1,1769.0
true,41.0,-14.0,-1,1756.0
false,41.0,-14.0,-1,1744.0
true,41.0,-14.0,-1,1772.0
false,41.0,-14.0,-1,1760.0
false,41.0,-14.0,-1,1804.0
false,41.0,-14.0,-1,1803.0
false,41.0,-14.0,-1,1846.0
false,41.0,-14.0,-1,1784.0
false,41.0,-14.0,-1,1759.0
false,41.0,-14.0,-1,1797.0
false,41.0,-14.0,-1,1796.0
false,41.0,-14.0,-1,1780.0
false,41.0,-14.0,-1,1779.0
false,41.0,-14.0,-1,1833.0
false,41.0,-14.0,-1,1832.0
true,41.0,-14.0,-1,1857.0
false,41.0,-14.0,-1,1844.0
false,41.0,-14.0,-1,1819.0
false,41.0,-14.0,-1,1806.0
false,41.0,-14.0,-1,1781.0
false,41.0,-14.0,-1,1718.0
false,41.0,-14.0,-1,1717.0
true,41.0,-14.0,-1,1757.0
false,41.0,-14.0,-1,1745.0
false,41.0,-14.0,-1,1746.0
false,41.0,-14.0,-1,1761.0
false,41.0,-14.0,-1,1762.0
false,41.0,-14.0,-1,1789.0
false,41.0,-14.0,-1,1785.0
false,41.0,-14.0,-1,1822.0
false,41.0,-14.0,-1,1810.0
false,41.0,-14.0,-1,1783.0
false,41.0,-14.0,-1,1771.0
false,41.0,-14.0,-1,1782.0
false,41.0,-14.0,-1,1809.0
true,41.0,-14.0,-1,1795.0
false,41.0,-14.0,-1,1776.0
false,41.0,-14.0,-1,1764.0
false,41.0,-14.0,-1,1752.0
false,41.0,-14.0,-1,1751.0
false,41.0,-14.0,-1,1788.0
false,41.0,-14.0,-1,1768.0
false,41.0,-14.0,-1,1743.0
false,41.0,-14.0,-1,1777.0
false,41.0,-14.0,-1,1765.0
false,41.0,-14.0,-1,1766.0
false,41.0,-14.0,-1,1778.0
false,41.0,-14.0,-1,1767.0
false,41.0,-14.0,-1,1791.0
false,41.0,-14.0,-1,1801.0
false,41.0,-14.0,-1,1763.0
true,41.0,-14.0,-1,1750.0
true,41.0,-14.0,-1,1739.0
true,41.0,-14.0,-1,1727.0
true,41.0,-14.0,-1,1728.0
false,41.0,-14.0,-1,1716.0
false,41.0,-14.0,-1,1715.0
false,41.0,-14.0,-1,1742.0
false,41.0,-14.0,-1,1741.0
true,41.0,-14.0,-1,1754.0
true,41.0,-14.0,-1,1714.0
true,41.0,-14.0,-1,1706.0
true,41.0,-14.0,-1,1695.0
false,41.0,-14.0,-1,1694.0
false,41.0,-14.0,-1,1693.0
false,41.0,-14.0,-1,1710.0
false,41.0,-14.0,-1,1709.0
false,41.0,-14.0,-1,1816.0
false,41.0,-14.0,-1,1802.0
false,41.0,-14.0,-1,1800.0
true,41.0,-14.0,-1,1799.0
false,41.0,-14.0,-1,1775.0
false,41.0,-14.0,-1,1845.0
true,41.0,-14.0,-1,1853.0
false,41.0,-14.0,-1,1840.0
false,41.0,-14.0,-1,1841.0
true,41.0,-14.0,-1,1860.0
false,41.0,-14.0,-1,1849.0
false,41.0,-14.0,-1,1850.0
false,41.0,-14.0,-1,1861.0
false,41.0,-14.0,-1,1839.0
false,41.0,-14.0,-1,1828.0
false,41.0,-14.0,-1,1827.0
true,41.0,-14.0,-1,1856.0
false,41.0,-14.0,-1,1787.0
false,41.0,-14.0,-1,1786.0
false,41.0,-14.0,-1,1814.0
false,41.0,-14.0,-1,1813.0
false,41.0,-14.0,-1,1838.0
false,41.0,-14.0,-1,1869.0
false,41.0,-14.0,-1,1868.0
false,41.0,-14.0,-1,1895.0
true,41.0,-14.0,-1,1882.0
true,41.0,-14.0,-1,1900.0
false,41.0,-14.0,-1,1887.0
false,41.0,-14.0,-1,1889.0
false,41.0,-14.0,-1,1888.0
false,41.0,-14.0,-1,1886.0
true,41.0,-14.0,-1,1909.0
false,41.0,-14.0,-1,1896.0
false,41.0,-14.0,-1,1915.0
false,41.0,-14.0,-1,1914.0
false,41.0,-14.0,-1,1921.0
false,41.0,-14.0,-1,1920.0
true,41.0,-14.0,-1,1933.0
false,41.0,-14.0,-1,1919.0
false,41.0,-14.0,-1,1918.0
false,41.0,-14.0,-1,1977.0
false,41.0,-14.0,-1,1976.0
true,41.0,-14.0,-1,1985.0
false,41.0,-14.0,-1,1972.0
true,41.0,-14.0,-1,1971.0
false,41.0,-14.0,-1,1958.0
true,41.0,-14.0,-1,1975.0
false,41.0,-14.0,-1,1962.0
false,41.0,-14.0,-1,1993.0
true,41.0,-14.0,-1,1980.0
false,41.0,-14.0,-1,1956.0
false,41.0,-14.0,-1,1960.0
false,41.0,-14.0,-1,1948.0
false,41.0,-14.0,-1,1959.0
true,41.0,-14.0,-1,1995.0
false,41.0,-14.0,-1,1981.0
false,41.0,-14.0,-1,1982.0
false,41.0,-14.0,-1,1992.0
false,41.0,-14.0,-1,1991.0
true,41.0,-14.0,-1,2029.0
false,41.0,-14.0,-1,2015.0
false,41.0,-14.0,-1,2014.0
true,41.0,-14.0,-1,2031.0
true,41.0,-14.0,-1,2020.0
true,41.0,-14.0,-1,2006.0
true,41.0,-14.0,-1,2003.0
false,41.0,-14.0,-1,1955.0
false,41.0,-14.0,-1,1954.0
false,41.0,-14.0,-1,1945.0
false,41.0,-14.0,-1,1990.0
false,41.0,-14.0,-1,1998.0
true,41.0,-14.0,-1,2022.0
false,41.0,-14.0,-1,2017.0
true,41.0,-14.0,-1,2008.0
false,41.0,-14.0,-1,1994.0
false,41.0,-14.0,-1,2018.0
true,41.0,-14.0,-1,2038.0
true,41.0,-14.0,-1,1986.0
true,41.0,-14.0,-1,1973.0
true,41.0,-14.0,-1,1983.0
true,41.0,-14.0,-1,1970.0
true,41.0,-14.0,-1,1925.0
false,41.0,-14.0,-1,1929.0
false,41.0,-14.0,-1,1928.0
false,41.0,-14.0,-1,1963.0
true,41.0,-14.0,-1,1984.0
false,41.0,-14.0,-1,1943.0
true,41.0,-14.0,-1,1978.0
true,41.0,-14.0,-1,1964.0
true,41.0,-14.0,-1,1931.0
false,41.0,-14.0,-1,1917.0
true,41.0,-14.0,-1,1907.0
false,41.0,-14.0,-1,1903.0
true,41.0,-14.0,-1,1913.0
true,41.0,-14.0,-1,1831.0
false,41.0,-14.0,-1,1862.0
false,41.0,-14.0,-1,1811.0
false,41.0,-14.0,-1,1817.0
false,41.0,-14.0,-1,1805.0
false,41.0,-14.0,-1,1808.0
true,41.0,-14.0,-1,1826.0
false,41.0,-14.0,-1,1812.0
false,41.0,-14.0,-1,1815.0
false,41.0,-14.0,-1,1807.0
true,41.0,-14.0,-1,1837.0
true,41.0,-14.0,-1,1774.0
false,41.0,-14.0,-1,1790.0
false,41.0,-14.0,-1,1823.0
true,41.0,-14.0,-1,1821.0
false,41.0,-14.0,-1,1820.0
true,41.0,-14.0,-1,1842.0
true,41.0,-14.0,-1,1836.0
false,41.0,-14.0,-1,1825.0
false,41.0,-14.0,-1,1824.0
true,41.0,-14.0,-1,1852.0
true,41.0,-14.0,-1,1829.0
true,41.0,-14.0,-1,1875.0
false,41.0,-14.0,-1,1863.0
false,41.0,-14.0,-1,1884.0
false,41.0,-14.0,-1,1883.0
false,41.0,-14.0,-1,1916.0
false,41.0,-14.0,-1,1937.0
false,41.0,-14.0,-1,1936.0
true,41.0,-14.0,-1,1942.0
false,41.0,-14.0,-1,1939.0
false,41.0,-14.0,-1,1938.0
false,41.0,-14.0,-1,1951.0
false,41.0,-14.0,-1,1950.0
true,41.0,-14.0,-1,1953.0
true,41.0,-14.0,-1,1935.0
true,41.0,-14.0,-1,1922.0
false,41.0,-14.0,-1,1894.0
false,41.0,-14.0,-1,1893.0
false,41.0,-14.0,-1,1902.0
true,41.0,-14.0,-1,1926.0
false,41.0,-14.0,-1,1892.0
false,41.0,-14.0,-1,1880.0
false,41.0,-14.0,-1,1879.0
false,41.0,-14.0,-1,1891.0
true,41.0,-14.0,-1,1901.0
true,41.0,-14.0,-1,1885.0
false,41.0,-14.0,-1,1872.0
true,41.0,-14.0,-1,1818.0
true,41.0,-14.0,-1,1758.0
false,41.0,-14.0,-1,1747.0
false,41.0,-14.0,-1,1748.0
false,41.0,-14.0,-1,1733.0
true,41.0,-14.0,-1,1732.0
true,41.0,-14.0,-1,1721.0
false,41.0,-14.0,-1,1708.0
true,41.0,-14.0,-1,1731.0
false,41.0,-14.0,-1,1720.0
false,41.0,-14.0,-1,1707.0
true,41.0,-14.0,-1,1705.0
false,41.0,-14.0,-1,1692.0
false,41.0,-14.0,-1,1691.0
true,41.0,-14.0,-1,1736.0
true,41.0,-14.0,-1,1724.0
true,41.0,-14.0,-1,1641.0
true,41.0,-14.0,-1,1630.0
true,41.0,-14.0,-1,1618.0
true,41.0,-14.0,-1,1730.0
false,41.0,-14.0,-1,1719.0
true,41.0,-14.0,-1,1662.0
false,41.0,-14.0,-1,1650.0
false,41.0,-14.0,-1,1651.0
true,41.0,-14.0,-1,1658.0
true,41.0,-14.0,-1,1646.0
false,41.0,-14.0,-1,1635.0
false,41.0,-14.0,-1,1634.0
true,41.0,-14.0,-1,1672.0
true,41.0,-14.0,-1,1660.0
false,41.0,-14.0,-1,1509.0
false,41.0,-14.0,-1,1508.0
true,41.0,-14.0,-1,1594.0
true,41.0,-14.0,-1,1584.0
true,41.0,-14.0,-1,1573.0
true,41.0,-14.0,-1,1578.0
true,41.0,-14.0,-1,1567.0
true,41.0,-14.0,-1,1469.0
true,41.0,-14.0,-1,1459.0
true,41.0,-14.0,-1,1449.0
true,41.0,-14.0,-1,1265.0
true,41.0,-14.0,-1,1256.0
false,41.0,-14.0,-1,1246.0
true,41.0,-14.0,-1,1482.0
true,41.0,-14.0,-1,1472.0
true,41.0,-14.0,-1,1358.0
true,41.0,-14.0,-1,1215.0
true,41.0,-14.0,-1,1206.0
true,41.0,-14.0,-1,1198.0
false,41.0,-14.0,-1,1190.0
true,41.0,-14.0,-1,1309.0
false,41.0,-14.0,-1,1300.0
false,41.0,-14.0,-1,1291.0
false,41.0,-14.0,-1,1304.0
false,41.0,-14.0,-1,1290.0
false,41.0,-14.0,-1,1305.0
true,41.0,-14.0,-1,1350.0
true,41.0,-14.0,-1,1341.0
true,41.0,-14.0,-1,1331.0
true,41.0,-14.0,-1,1315.0
true,41.0,-14.0,-1,1306.0
true,41.0,-14.0,-1,1297.0
false,41.0,-14.0,-1,1245.0
false,41.0,-14.0,-1,1236.0
true,41.0,-14.0,-1,1227.0
true,41.0,-14.0,-1,1248.0
true,41.0,-14.0,-1,1239.0
false,41.0,-14.0,-1,1231.0
false,41.0,-14.0,-1,1162.0
false,41.0,-14.0,-1,1161.0
true,41.0,-14.0,-1,1295.0
true,41.0,-14.0,-1,1286.0
false,41.0,-14.0,-1,1277.0
false,41.0,-14.0,-1,1292.0
false,41.0,-14.0,-1,1278.0
false,41.0,-14.0,-1,1293.0
false,41.0,-14.0,-1,1301.0
true,41.0,-14.0,-1,1333.0
true,41.0,-14.0,-1,1324.0
true,41.0,-14.0,-1,1335.0
false,41.0,-14.0,-1,1326.0
false,41.0,-14.0,-1,1325.0
false,41.0,-14.0,-1,1337.0
false,41.0,-14.0,-1,1336.0
true,41.0,-14.0,-1,1379.0
true,41.0,-14.0,-1,1369.0
true,41.0,-14.0,-1,1276.0
false,41.0,-14.0,-1,1250.0
true,41.0,-14.0,-1,1242.0
false,41.0,-14.0,-1,1222.0
false,41.0,-14.0,-1,1145.0
true,41.0,-14.0,-1,1137.0
true,41.0,-14.0,-1,1129.0
true,41.0,-14.0,-1,1121.0
true,41.0,-14.0,-1,1233.0
true,41.0,-14.0,-1,1224.0
false,41.0,-14.0,-1,1216.0
false,41.0,-14.0,-1,1142.0
false,41.0,-14.0,-1,1141.0
true,41.0,-14.0,-1,1154.0
false,41.0,-14.0,-1,1146.0
false,41.0,-14.0,-1,1138.0
false,41.0,-14.0,-1,1164.0
true,41.0,-14.0,-1,1156.0
true,41.0,-14.0,-1,1148.0
false,41.0,-14.0,-1,1090.0
true,41.0,-14.0,-1,1047.0
true,41.0,-14.0,-1,1040.0
true,41.0,-14.0,-1,1032.0
true,41.0,-14.0,-1,1025.0
true,41.0,-14.0,-1,1100.0
true,41.0,-14.0,-1,1092.0
true,41.0,-14.0,-1,1084.0
false,41.0,-14.0,-1,1077.0
false,41.0,-14.0,-1,1076.0
true,41.0,-14.0,-1,1135.0
false,41.0,-14.0,-1,1127.0
false,41.0,-14.0,-1,1126.0
false,41.0,-14.0,-1,1187.0
false,41.0,-14.0,-1,1179.0
false,41.0,-14.0,-1,1180.0
false,41.0,-14.0,-1,1189.0
false,41.0,-14.0,-1,1181.0
false,41.0,-14.0,-1,1184.0
true,41.0,-14.0,-1,1176.0
true,41.0,-14.0,-1,1167.0
false,41.0,-14.0,-1,1091.0
true,41.0,-14.0,-1,1128.0
true,41.0,-14.0,-1,1120.0
true,41.0,-14.0,-1,1112.0
true,41.0,-14.0,-1,1104.0
true,41.0,-14.0,-1,1152.0
true,41.0,-14.0,-1,1130.0
true,41.0,-14.0,-1,1122.0
true,41.0,-14.0,-1,1115.0
true,41.0,-14.0,-1,1107.0
false,41.0,-14.0,-1,1175.0
false,41.0,-14.0,-1,1174.0
false,41.0,-14.0,-1,1204.0
false,41.0,-14.0,-1,1203.0
true,41.0,-14.0,-1,1218.0
true,41.0,-14.0,-1,1213.0
true,41.0,-14.0,-1,1205.0
false,41.0,-14.0,-1,1163.0
true,41.0,-14.0,-1,1155.0
true,41.0,-14.0,-1,1147.0
false,41.0,-14.0,-1,1139.0
false,41.0,-14.0,-1,1211.0
true,41.0,-14.0,-1,1202.0
false,41.0,-14.0,-1,1192.0
false,41.0,-14.0,-1,1191.0
true,41.0,-14.0,-1,1240.0
true,41.0,-14.0,-1,1223.0
true,41.0,-14.0,-1,1220.0
true,41.0,-14.0,-1,1212.0
true,41.0,-14.0,-1,1193.0
false,41.0,-14.0,-1,1185.0
false,41.0,-14.0,-1,1186.0
true,41.0,-14.0,-1,1177.0
false,41.0,-14.0,-1,1178.0
false,41.0,-14.0,-1,1209.0
false,41.0,-14.0,-1,1201.0
false,41.0,-14.0,-1,1200.0
false,41.0,-14.0,-1,1251.0
false,41.0,-14.0,-1,1264.0
false,41.0,-14.0,-1,1263.0
true,41.0,-14.0,-1,1270.0
true,41.0,-14.0,-1,1261.0
true,41.0,-14.0,-1,1252.0
false,41.0,-14.0,-1,1230.0
true,41.0,-14.0,-1,1253.0
true,41.0,-14.0,-1,1244.0
true,41.0,-14.0,-1,1214.0
true,41.0,-14.0,-1,1210.0
false,41.0,-14.0,-1,1151.0
false,41.0,-14.0,-1,1143.0
false,41.0,-14.0,-1,1144.0
false,41.0,-14.0,-1,1169.0
false,41.0,-14.0,-1,1182.0
false,41.0,-14.0,-1,1168.0
false,41.0,-14.0,-1,1183.0
false,41.0,-14.0,-1,1195.0
true,41.0,-14.0,-1,1173.0
false,41.0,-14.0,-1,1159.0
false,41.0,-14.0,-1,1150.0
true,41.0,-14.0,-1,1229.0
false,41.0,-14.0,-1,1221.0
false,41.0,-14.0,-1,1208.0
true,41.0,-14.0,-1,1199.0
false,41.0,-14.0,-1,1171.0
false,41.0,-14.0,-1,1158.0
false,41.0,-14.0,-1,1170.0
false,41.0,-14.0,-1,1194.0
false,41.0,-14.0,-1,1238.0
false,41.0,-14.0,-1,1237.0
false,41.0,-14.0,-1,1268.0
false,41.0,-14.0,-1,1267.0
true,41.0,-14.0,-1,1266.0
true,41.0,-14.0,-1,1228.0
true,41.0,-14.0,-1,1219.0
true,41.0,-14.0,-1,1226.0
true,41.0,-14.0,-1,1217.0
true,41.0,-14.0,-1,1235.0
true,41.0,-14.0,-1,1225.0
true,41.0,-14.0,-1,1207.0
true,41.0,-14.0,-1,1197.0
true,41.0,-14.0,-1,1196.0
false,41.0,-14.0,-1,1188.0
false,31.0,-10.0,-1,1170.0
false,31.0,-10.0,-1,1169.0
false,48.0,0.0,-1,1168.0
false,48.0,0.0,-1,1159.0
false,48.0,0.0,-1,1152.0
true,48.0,0.0,-1,1165.0
false,48.0,0.0,-1,1157.0
false,48.0,0.0,-1,1167.0
false,48.0,0.0,-1,1151.0
false,48.0,0.0,-1,1143.0
true,48.0,0.0,-1,1135.0
false,48.0,0.0,-1,1128.0
false,48.0,0.0,-1,1137.0
false,48.0,0.0,-1,1147.0
false,48.0,0.0,-1,1139.0
false,48.0,0.0,-1,1145.0
false,48.0,0.0,-1,1158.0
false,48.0,0.0,-1,1156.0
false,48.0,0.0,-1,1148.0
true,48.0,0.0,-1,1166.0
false,48.0,0.0,-1,1155.0
false,48.0,0.0,-1,1160.0
false,48.0,0.0,-1,1161.0
false,48.0,0.0,-1,1162.0
false,48.0,0.0,-1,1153.0
true,48.0,0.0,-1,1146.0
true,48.0,0.0,-1,1138.0
true,48.0,0.0,-1,1130.0
true,48.0,0.0,-1,1122.0
false,48.0,0.0,-1,1114.0
true,48.0,0.0,-1,1127.0
false,48.0,0.0,-1,1120.0
true,48.0,0.0,-1,1131.0
true,48.0,0.0,-1,1123.0
true,48.0,0.0,-1,1113.0
true,48.0,0.0,-1,1106.0
false,48.0,0.0,-1,1098.0
false,48.0,0.0,-1,1091.0
false,48.0,0.0,-1,1099.0
false,48.0,0.0,-1,1110.0
true,48.0,0.0,-1,1103.0
true,48.0,0.0,-1,1095.0
true,48.0,0.0,-1,1088.0
false,48.0,0.0,-1,1080.0
false,48.0,0.0,-1,1090.0
false,48.0,0.0,-1,1082.0
true,48.0,0.0,-1,1094.0
false,48.0,0.0,-1,1086.0
true,48.0,0.0,-1,1096.0
false,48.0,0.0,-1,1089.0
false,48.0,0.0,-1,1081.0
false,48.0,0.0,-1,1074.0
true,48.0,0.0,-1,1083.0
false,48.0,0.0,-1,1076.0
false,48.0,0.0,-1,1068.0
false,48.0,0.0,-1,1079.0
true,48.0,0.0,-1,1116.0
false,48.0,0.0,-1,1108.0
true,48.0,0.0,-1,1115.0
true,48.0,0.0,-1,1107.0
false,48.0,0.0,-1,1100.0
false,48.0,0.0,-1,1092.0
true,48.0,0.0,-1,1101.0
true,48.0,0.0,-1,1093.0
true,48.0,0.0,-1,1085.0
false,48.0,0.0,-1,1078.0
false,48.0,0.0,-1,1077.0
false,48.0,0.0,-1,1075.0
true,48.0,0.0,-1,1087.0
true,48.0,0.0,-1,1073.0
true,48.0,0.0,-1,1066.0
true,48.0,0.0,-1,1058.0
false,48.0,0.0,-1,1050.0
true,48.0,0.0,-1,1057.0
false,48.0,0.0,-1,1049.0
true,48.0,0.0,-1,1084.0
false,48.0,0.0,-1,1059.0
true,48.0,0.0,-1,1067.0
false,48.0,0.0,-1,1060.0
true,48.0,0.0,-1,1051.0
false,48.0,0.0,-1,1044.0
false,48.0,0.0,-1,1054.0
false,48.0,0.0,-1,1064.0
false,48.0,0.0,-1,1109.0
true,48.0,0.0,-1,1118.0
false,48.0,0.0,-1,1119.0
true,48.0,0.0,-1,1124.0
false,48.0,0.0,-1,1117.0
false,48.0,0.0,-1,1136.0
false,48.0,0.0,-1,1149.0
false,48.0,0.0,-1,1154.0
false,48.0,0.0,-1,1163.0
false,48.0,0.0,-1,1150.0
false,55.0,0.0,1,1759.0
false,55.0,0.0,1,1771.0
false,55.0,0.0,1,1769.0
false,55.0,0.0,1,1772.0
true,55.0,0.0,1,1760.0
false,55.0,0.0,1,1773.0
true,55.0,0.0,1,1765.0
false,55.0,0.0,1,1777.0
false,55.0,0.0,1,1770.0
false,55.0,0.0,1,1774.0
true,55.0,0.0,1,1775.0
true,55.0,0.0,1,1787.0
false,55.0,0.0,1,1799.0
false,55.0,0.0,1,1811.0
true,55.0,0.0,1,1788.0
true,55.0,0.0,1,1800.0
false,55.0,0.0,1,1812.0
false,55.0,0.0,1,1808.0
false,55.0,0.0,1,1793.0
false,55.0,0.0,1,1801.0
true,55.0,0.0,1,1768.0
true,55.0,0.0,1,1780.0
true,55.0,0.0,1,1762.0
true,55.0,0.0,1,1786.0
false,55.0,0.0,1,1789.0
false,60.0,1.0,1,1801.0
true,60.0,1.0,1,1793.0
true,56.0,0.0,-1,1776.0
false,56.0,0.0,-1,1764.0
true,67.0,2.0,1,1802.0
false,49.0,0.0,-1,1868.0
false,46.0,0.0,-1,1855.0
false,49.0,0.0,-1,1865.0
true,54.0,1.0,1,1756.0
false,68.0,1.0,1,1963.0
false,61.0,1.0,1,1972.0
true,66.0,1.0,1,1994.0
false,48.0,-1.0,-1,2000.0
true,64.0,4.0,1,2019.0
true,57.0,6.0,1,1890.0
true,56.0,-1.0,-1,1895.0
false,56.0,-1.0,-1,1881.0
false,66.0,2.0,1,1873.0
false,43.0,-1.0,-1,1831.0
true,47.0,0.0,1,1733.0
true,58.0,2.0,1,1881.0
false,65.0,2.0,1,1916.0
true,32.0,-1.0,-1,1887.0
true,32.0,-1.0,-1,1874.0
false,37.0,-1.0,-1,1808.0
true,39.0,-1.0,-1,1827.0
true,44.0,0.0,-1,1780.0
false,68.0,3.0,1,1806.0
true,65.0,1.0,1,1849.0
false,32.0,-1.0,-1,1859.0
false,55.0,2.0,1,2035.0
false,34.0,-1.0,-1,1996.0
false,67.0,2.0,1,2115.0
false,62.0,1.0,1,2189.0
false,57.0,1.0,1,2151.0
true,47.0,0.0,-1,2116.0
true,32.0,-1.0,-1,2150.0
true,35.0,-1.0,-1,2133.0
false,32.0,-2.0,-1,2207.0
false,46.0,0.0,-1,2215.0
true,61.0,1.0,1,2299.0
true,47.0,-1.0,-1,2310.0
true,44.0,0.0,1,2280.0
false,35.0,-1.0,-1,2309.0
true,50.0,0.0,1,2334.0
true,32.0,-1.0,-1,2301.0
false,70.0,2.0,1,2299.0
false,60.0,1.0,1,2331.0
true,54.0,0.0,-1,2332.0
false,56.0,2.0,1,2421.0
true,34.0,-1.0,-1,2393.0
false,63.0,1.0,1,2401.0
true,31.0,-3.0,-1,2279.0
true,63.0,1.0,1,2309.0
false,43.0,0.0,-1,2357.0
false,62.0,0.0,1,2385.0
true,43.0,0.0,-1,2355.0
true,46.0,-1.0,-1,2396.0
true,59.0,2.0,1,2388.0
false,63.0,1.0,1,2423.0
true,65.0,1.0,1,2376.0
true,31.0,-2.0,-1,2360.0
true,53.0,0.0,1,2219.0
true,39.0,-1.0,-1,2024.0
false,39.0,-5.0,-1,2024.0
false,58.0,3.0,1,2119.0
false,57.0,1.0,1,2112.0
true,57.0,0.0,1,2193.0
true,60.0,1.0,1,2180.0
true,43.0,-1.0,-1,2208.0
true,31.0,-2.0,-1,2238.0
false,49.0,0.0,1,2177.0
true,64.0,1.0,1,2165.0
true,58.0,6.0,1,2134.0
true,58.0,7.0,1,2226.0
true,48.0,-2.0,-1,2354.0
true,43.0,-1.0,-1,2389.0
true,32.0,-2.0,-1,2306.0
false,62.0,2.0,1,2369.0
false,44.0,-1.0,-1,2365.0
true,42.0,-1.0,-1,2335.0
false,50.0,0.0,1,2323.0
true,53.0,0.0,1,2240.0
false,41.0,-1.0,-1,2284.0
true,66.0,1.0,1,2321.0
false,39.0,-1.0,-1,2312.0
false,70.0,1.0,1,2337.0
true,65.0,1.0,1,2281.0
false,48.0,0.0,-1,2310.0
true,66.0,2.0,1,2358.0
false,58.0,0.0,1,2477.0
true,55.0,0.0,1,2470.0
true,65.0,0.0,1,2504.0
true,53.0,0.0,1,2514.0
false,55.0,0.0,-1,2519.0
false,40.0,0.0,-1,2552.0
false,50.0,0.0,-1,2581.0
true,62.0,0.0,1,2620.0
false,60.0,1.0,1,2643.0
false,69.0,3.0,1,2634.0
true,47.0,0.0,1,2647.0
true,68.0,0.0,1,2667.0
false,48.0,0.0,1,2792.0
false,68.0,1.0,1,2792.0
false,48.0,0.0,1,2737.0
true,59.0,0.0,1,2715.0
false,70.0,2.0,1,2730.0
true,39.0,-1.0,-1,2665.0
true,46.0,-1.0,-1,2648.0
true,50.0,0.0,-1,2722.0
true,31.0,-1.0,-1,2688.0
true,44.0,-1.0,-1,2632.0
true,36.0,-1.0,-1,2617.0
true,39.0,0.0,-1,2521.0
true,44.0,0.0,-1,2503.0
true,66.0,1.0,1,2503.0
true,61.0,1.0,1,2529.0
true,39.0,0.0,-1,2537.0
true,57.0,0.0,1,2607.0
true,62.0,1.0,1,2546.0
true,36.0,-1.0,-1,2553.0
true,68.0,2.0,1,2632.0
false,37.0,-2.0,-1,2598.0
false,45.0,0.0,1,2626.0
false,33.0,-1.0,-1,2565.0
true,37.0,0.0,-1,2570.0
false,48.0,0.0,1,2657.0
true,63.0,1.0,1,2636.0
true,58.0,1.0,1,2688.0
true,48.0,0.0,1,2708.0
false,52.0,0.0,-1,2710.0
true,41.0,0.0,-1,2771.0
true,53.0,-1.0,-1,2763.0
false,40.0,0.0,-1,2763.0
true,37.0,0.0,-1,2812.0
true,63.0,1.0,1,2808.0
false,60.0,0.0,1,2870.0
true,47.0,0.0,-1,2841.0
true,44.0,0.0,-1,2798.0
true,45.0,-1.0,-1,2688.0
false,69.0,0.0,1,2681.0
false,59.0,1.0,1,2595.0
true,36.0,-2.0,-1,2562.0
true,64.0,0.0,1,2556.0
false,39.0,0.0,-1,2583.0
true,59.0,0.0,1,2615.0
false,58.0,0.0,1,2667.0
true,60.0,0.0,1,2652.0
false,33.0,-1.0,-1,2629.0
false,61.0,0.0,1,2716.0
false,50.0,0.0,-1,2709.0
false,39.0,0.0,-1,2726.0
false,56.0,0.0,-1,2737.0
true,41.0,0.0,1,2732.0
false,44.0,-1.0,-1,2739.0
true,33.0,-1.0,-1,2747.0
true,37.0,-1.0,-1,2746.0
true,31.0,-1.0,-1,2761.0
true,56.0,0.0,1,2757.0
false,32.0,0.0,-1,2757.0
true,46.0,-1.0,-1,2802.0
true,54.0,0.0,-1,2808.0
false,33.0,-1.0,-1,2760.0
true,35.0,0.0,-1,2837.0
false,31.0,-2.0,-1,2783.0
true,64.0,0.0,1,2768.0
false,45.0,0.0,-1,2878.0
true,44.0,0.0,1,2980.0
false,36.0,-1.0,-1,2985.0
false,63.0,1.0,1,3035.0
true,41.0,-1.0,-1,2995.0
false,66.0,0.0,1,2996.0
true,31.0,-2.0,-1,2964.0
false,59.0,0.0,1,2992.0
true,46.0,0.0,-1,2986.0
false,31.0,-1.0,-1,2853.0
true,40.0,-1.0,-1,2957.0
true,48.0,0.0,1,3070.0
true,38.0,0.0,-1,3070.0
false,31.0,-2.0,-1,3040.0
true,30.0,-1.0,-1,3120.0
false,37.0,0.0,-1,3099.0
true,62.0,0.0,1,3084.0
false,49.0,0.0,1,3133.0
true,55.0,1.0,1,3079.0
true,45.0,0.0,-1,3082.0
false,59.0,0.0,1,3109.0
true,69.0,1.0,1,3181.0
true,43.0,-1.0,-1,3203.0
true,38.0,0.0,-1,3227.0
false,49.0,0.0,1,3232.0
true,49.0,0.0,-1,3244.0
true,35.0,-1.0,-1,3219.0
true,46.0,0.0,-1,3197.0
false,32.0,-1.0,-1,3248.0
false,59.0,0.0,1,3364.0
true,56.0,1.0,1,3375.0
false,42.0,-3.0,-1,3373.0
false,54.0,0.0,1,3396.0
false,48.0,0.0,-1,3316.0
false,48.0,-1.0,-1,3351.0
true,57.0,0.0,1,3379.0
false,38.0,-1.0,-1,3420.0
false,32.0,-2.0,-1,3469.0
false,41.0,0.0,-1,3438.0
true,33.0,-1.0,-1,3460.0
true,66.0,1.0,1,3509.0
true,31.0,-1.0,-1,3573.0
true,52.0,1.0,1,3534.0
true,32.0,-1.0,-1,3557.0
true,51.0,0.0,1,3590.0
true,55.0,1.0,1,3614.0
true,31.0,-1.0,-1,3621.0
false,60.0,3.0,1,3535.0
true,41.0,-1.0,-1,3503.0
true,68.0,2.0,1,3458.0
false,41.0,0.0,-1,3499.0
true,57.0,1.0,1,3683.0
false,49.0,-1.0,-1,3495.0
true,69.0,2.0,1,3547.0
true,58.0,0.0,1,3573.0
true,43.0,-1.0,-1,3577.0
false,33.0,-1.0,-1,3601.0
false,37.0,-1.0,-1,3712.0
false,53.0,0.0,1,3805.0
true,50.0,0.0,1,3797.0
false,59.0,1.0,1,3915.0
true,33.0,-2.0,-1,3883.0
true,52.0,0.0,1,3915.0
false,39.0,-2.0,-1,3926.0
true,54.0,0.0,-1,3952.0
true,51.0,0.0,1,3882.0
true,31.0,-4.0,-1,3873.0
true,70.0,3.0,1,4068.0
false,68.0,1.0,1,4098.0
true,33.0,-1.0,-1,4082.0
true,30.0,-5.0,-1,4051.0
true,31.0,-3.0,-1,4001.0
true,42.0,-1.0,-1,3978.0
true,61.0,3.0,1,4019.0
true,59.0,2.0,1,3768.0
false,33.0,-5.0,-1,3752.0
true,60.0,1.0,1,3821.0
false,47.0,0.0,-1,3809.0
false,38.0,-1.0,-1,3971.0
true,64.0,2.0,1,4162.0
true,62.0,1.0,1,4208.0
true,68.0,1.0,1,4259.0
true,37.0,-3.0,-1,4323.0
false,65.0,2.0,1,4322.0
false,69.0,3.0,1,4240.0
false,30.0,-2.0,-1,4119.0
true,38.0,-4.0,-1,4154.0
false,38.0,-4.0,-1,4127.0
false,67.0,1.0,1,4298.0
false,48.0,0.0,1,4240.0
false,68.0,3.0,1,4158.0
true,60.0,1.0,1,4168.0
false,43.0,-3.0,-1,4116.0
false,39.0,-2.0,-1,4103.0
true,59.0,1.0,1,4153.0
false,61.0,2.0,1,4218.0
true,35.0,-1.0,-1,4197.0
false,66.0,1.0,1,4215.0
true,40.0,-1.0,-1,4138.0
true,58.0,0.0,1,4232.0
false,51.0,0.0,-1,4303.0
true,53.0,0.0,1,4450.0
true,42.0,0.0,-1,4467.0
true,34.0,-1.0,-1,4433.0
false,33.0,-5.0,-1,4312.0
true,42.0,0.0,-1,4368.0
true,38.0,0.0,-1,4319.0
true,57.0,1.0,1,4310.0
true,52.0,3.0,1,4375.0
true,54.0,0.0,1,4418.0
true,66.0,2.0,1,4515.0
false,60.0,1.0,1,4550.0
true,56.0,0.0,1,4417.0
true,54.0,0.0,1,4505.0
true,60.0,0.0,-1,4534.0
true,40.0,-1.0,-1,4501.0
true,33.0,-2.0,-1,4465.0
false,69.0,2.0,1,4488.0
false,30.0,-1.0,-1,4410.0
false,37.0,-1.0,-1,4448.0
true,36.0,-1.0,-1,4531.0
true,58.0,0.0,1,4413.0
false,60.0,0.0,1,4444.0
true,41.0,-1.0,-1,4664.0
true,64.0,3.0,1,4615.0
false,67.0,5.0,1,4578.0
false,51.0,-1.0,-1,4558.0
false,62.0,0.0,1,4615.0
true,53.0,0.0,-1,4517.0
true,52.0,0.0,-1,4530.0
true,31.0,-2.0,-1,4354.0
true,34.0,-4.0,-1,4352.0
true,41.0,-2.0,-1,4034.0
true,39.0,-3.0,-1,3980.0
true,55.0,4.0,1,4016.0
true,60.0,4.0,1,4171.0
false,52.0,1.0,1,4191.0
true,32.0,-25.0,-1,4026.0
true,52.0,2.0,1,4050.0
true,65.0,8.0,1,4082.0
true,50.0,2.0,1,4153.0
true,32.0,-9.0,-1,4012.0
false,56.0,1.0,1,4127.0
true,61.0,3.0,1,4168.0
true,56.0,1.0,1,4231.0
true,68.0,2.0,1,4291.0
false,36.0,-3.0,-1,4249.0
false,59.0,2.0,1,4317.0
true,48.0,-1.0,-1,4257.0
true,54.0,0.0,1,4177.0
true,49.0,0.0,-1,4148.0
false,50.0,-2.0,-1,4134.0
true,59.0,1.0,1,4181.0
false,37.0,-2.0,-1,4178.0
true,58.0,1.0,1,4276.0
false,66.0,1.0,1,4210.0
true,55.0,2.0,1,4266.0
true,45.0,-1.0,-1,4284.0
false,65.0,3.0,1,4314.0
true,46.0,0.0,-1,4263.0
false,59.0,0.0,1,4129.0
true,40.0,-1.0,-1,4443.0
true,60.0,1.0,1,4511.0
false,48.0,-1.0,-1,4628.0
true,33.0,-1.0,-1,4695.0
false,35.0,-3.0,-1,4687.0
false,61.0,3.0,1,4694.0
false,54.0,2.0,1,4550.0
true,44.0,-1.0,-1,4650.0
true,45.0,-1.0,-1,4480.0
true,63.0,1.0,1,4427.0
true,68.0,3.0,1,4324.0
false,33.0,-3.0,-1,4256.0
false,51.0,1.0,1,4267.0
true,45.0,-1.0,-1,4192.0
false,38.0,-4.0,-1,4124.0
true,37.0,-2.0,-1,4089.0
false,63.0,3.0,1,4100.0
true,54.0,5.0,1,4132.0
true,57.0,1.0,1,4166.0
true,43.0,-2.0,-1,4172.0
false,34.0,-4.0,-1,4140.0
true,58.0,1.0,1,4200.0
true,57.0,3.0,1,4264.0
false,46.0,1.0,1,4300.0
true,32.0,-5.0,-1,4153.0
true,50.0,1.0,1,4119.0
false,44.0,-3.0,-1,4123.0
false,55.0,0.0,1,3944.0
true,58.0,3.0,1,3925.0
true,62.0,2.0,1,3943.0
false,56.0,0.0,1,3955.0
false,42.0,-2.0,-1,3928.0
false,65.0,2.0,1,4010.0
false,34.0,-2.0,-1,4053.0
false,46.0,-3.0,-1,4123.0
false,38.0,-2.0,-1,4233.0
false,68.0,3.0,1,4330.0
true,53.0,0.0,-1,4450.0
false,55.0,3.0,1,4377.0
true,68.0,3.0,1,4307.0
false,38.0,-1.0,-1,4320.0
false,45.0,0.0,1,4808.0
false,65.0,1.0,1,4748.0
true,46.0,1.0,1,4839.0
false,64.0,2.0,1,4906.0
true,41.0,-1.0,-1,4717.0
true,47.0,0.0,-1,4807.0
true,48.0,-1.0,-1,4656.0
true,55.0,1.0,1,4672.0
false,53.0,-2.0,-1,4777.0
false,45.0,-2.0,-1,4806.0
true,33.0,-5.0,-1,4734.0
true,63.0,2.0,1,4746.0
false,47.0,0.0,-1,4779.0
true,47.0,0.0,1,4885.0
true,53.0,0.0,1,4926.0
false,42.0,-2.0,-1,5058.0
false,47.0,0.0,-1,5136.0
true,52.0,0.0,1,5402.0
true,56.0,1.0,1,5361.0
true,66.0,4.0,1,5587.0
true,54.0,0.0,1,5607.0
false,50.0,3.0,1,5725.0
false,40.0,-3.0,-1,5656.0
true,40.0,-2.0,-1,5738.0
true,70.0,4.0,1,5688.0
true,39.0,-4.0,-1,5681.0
false,69.0,2.0,1,5665.0
false,46.0,-3.0,-1,5595.0
true,41.0,-1.0,-1,5916.0
false,51.0,-1.0,-1,5875.0
false,41.0,-1.0,-1,5904.0
false,36.0,-3.0,-1,5775.0
true,32.0,-6.0,-1,5878.0
false,46.0,0.0,-1,5806.0
false,46.0,0.0,-1,5945.0
true,34.0,-1.0,-1,5957.0
true,46.0,-1.0,-1,6060.0
true,66.0,5.0,1,6062.0
true,33.0,-3.0,-1,6367.0
false,41.0,-2.0,-1,6299.0
true,33.0,-5.0,-1,6339.0
false,36.0,-3.0,-1,6265.0
true,56.0,2.0,1,6259.0
false,48.0,0.0,-1,6395.0
false,34.0,-1.0,-1,6403.0
true,59.0,4.0,1,6522.0
false,37.0,-2.0,-1,6753.0
false,36.0,-7.0,-1,6454.0
false,37.0,-5.0,-1,6328.0
false,55.0,-1.0,-1,6392.0
false,45.0,0.0,-1,7217.0
false,48.0,0.0,-1,7405.0
false,37.0,-10.0,-1,6949.0
true,59.0,1.0,1,7107.0
false,45.0,-1.0,-1,6794.0
false,35.0,-4.0,-1,6958.0
false,43.0,-3.0,-1,6566.0
false,48.0,-2.0,-1,6288.0
false,40.0,-2.0,-1,6590.0
false,44.0,-2.0,-1,6663.0
false,47.0,-2.0,-1,6917.0
false,37.0,-3.0,-1,7123.0
false,40.0,0.0,-1,7742.0
false,47.0,-1.0,-1,7763.0
false,46.0,0.0,-1,7493.0
false,35.0,-3.0,-1,7285.0
false,41.0,-2.0,-1,7382.0
false,37.0,-2.0,-1,6755.0
false,37.0,-5.0,-1,6327.0
true,60.0,2.0,1,7237.0
false,48.0,0.0,-1,7404.0
false,37.0,-10.0,-1,6948.0
false,50.0,1.0,1,6839.0
true,64.0,4.0,1,6992.0
false,43.0,-3.0,-1,6568.0
false,48.0,-2.0,-1,6287.0
false,40.0,-2.0,-1,6589.0
false,37.0,-2.0,-1,6659.0
false,47.0,-2.0,-1,6918.0
false,40.0,0.0,-1,7741.0
false,47.0,-1.0,-1,7762.0
false,46.0,0.0,-1,7492.0
false,41.0,-2.0,-1,7381.0
false,37.0,-5.0,-1,6326.0
false,48.0,0.0,-1,7403.0
false,43.0,-3.0,-1,6572.0
false,40.0,-2.0,-1,6588.0
false,36.0,-5.0,-1,6682.0
false,41.0,-2.0,-1,6910.0
false,47.0,-1.0,-1,7761.0
false,46.0,0.0,-1,7491.0
false,50.0,0.0,1,7445.0
false,37.0,-5.0,-1,6329.0
false,48.0,0.0,-1,7402.0
false,43.0,-3.0,-1,6565.0
false,36.0,-5.0,-1,6681.0
false,41.0,-2.0,-1,6909.0
false,36.0,-5.0,-1,6683.0
false,41.0,-2.0,-1,6908.0
false,36.0,-5.0,-1,6680.0
false,41.0,-2.0,-1,6907.0
false,36.0,-5.0,-1,6679.0
false,41.0,-2.0,-1,6906.0
false,40.0,-2.0,-1,6893.0
false,40.0,-2.0,-1,6892.0
false,33.0,-3.0,-1,4255.0
false,38.0,-4.0,-1,4122.0
false,34.0,-4.0,-1,4139.0
false,38.0,-2.0,-1,4227.0
false,38.0,-1.0,-1,4319.0
false,53.0,-2.0,-1,4776.0
false,47.0,0.0,-1,4778.0
false,42.0,-2.0,-1,5057.0
false,47.0,0.0,-1,5137.0
true,31.0,-4.0,-1,5681.0
false,46.0,-3.0,-1,5594.0
true,48.0,-3.0,-1,5897.0
true,54.0,1.0,1,5903.0
false,41.0,-1.0,-1,5903.0
false,36.0,-3.0,-1,5776.0
false,46.0,0.0,-1,5807.0
false,41.0,-2.0,-1,6298.0
false,41.0,-1.0,-1,6248.0
false,34.0,-1.0,-1,6402.0
true,46.0,0.0,1,4250.0
false,43.0,-3.0,-1,4115.0
false,53.0,0.0,1,4155.0
false,51.0,0.0,-1,4302.0
false,33.0,-5.0,-1,4311.0
true,63.0,2.0,1,4424.0
false,37.0,-1.0,-1,4447.0
false,51.0,-1.0,-1,4557.0
false,36.0,-3.0,-1,4248.0
false,50.0,-2.0,-1,4133.0
false,44.0,-3.0,-1,4185.0
false,48.0,-1.0,-1,4627.0
false,35.0,-3.0,-1,4686.0
false,33.0,-3.0,-1,4254.0
false,38.0,-4.0,-1,4120.0
false,38.0,-2.0,-1,4222.0
false,38.0,-1.0,-1,4318.0
false,53.0,-2.0,-1,4774.0
false,42.0,-2.0,-1,5056.0
false,46.0,-3.0,-1,5596.0
false,36.0,-3.0,-1,5774.0
false,46.0,0.0,-1,5805.0
false,41.0,-2.0,-1,6297.0
false,41.0,-1.0,-1,6247.0
false,41.0,0.0,-1,3498.0
false,49.0,-1.0,-1,3494.0
false,33.0,-1.0,-1,3600.0
false,37.0,-1.0,-1,3711.0
false,39.0,-2.0,-1,3925.0
false,33.0,-5.0,-1,3751.0
false,47.0,0.0,-1,3808.0
false,38.0,-1.0,-1,3970.0
false,38.0,-4.0,-1,4126.0
false,43.0,-3.0,-1,4114.0
false,51.0,0.0,-1,4301.0
true,57.0,0.0,1,4345.0
false,37.0,-1.0,-1,4446.0
false,51.0,-1.0,-1,4556.0
false,36.0,-3.0,-1,4247.0
false,50.0,-2.0,-1,4132.0
false,44.0,-3.0,-1,4184.0
false,48.0,-1.0,-1,4626.0
false,35.0,-3.0,-1,4685.0
false,33.0,-3.0,-1,4253.0
false,53.0,-2.0,-1,4775.0
false,42.0,-2.0,-1,5055.0
false,46.0,0.0,-1,5804.0
false,41.0,-1.0,-1,6246.0
